
1.1953, 
1.1473, 1.0128, 
1.9062, 1.8617, 1.6013, 
1.8353, 1.8061, 1.9504, 0.83066, 
1.5679, 1.4976, 1.9623, 1.4298, 0.72439, 
0.57978, 0.98686, 0.62704, 1.8506, 1.9852, 1.8268, 
0.95426, 1.7375, 1.1805, 1.3906, 1.6284, 1.756, 1.0226, 
1.7401, 1.8754, 1.3782, 0.46027, 1.1706, 1.6743, 1.6365, 1.065, 
1.3975, 1.9492, 1.4845, 0.94453, 1.2418, 1.5905, 1.4823, 0.59724, 0.66721, 
1.6646, 1.9751, 1.578, 0.56044, 1.0014, 1.5094, 1.6951, 0.96573, 0.39394, 0.41636, 
1.3912, 1.9733, 1.6405, 0.9919, 1.0969, 1.4178, 1.5701, 0.72499, 0.8325, 0.27152, 0.49169, 
1.8202, 0.96702, 1.3123, 1.295, 1.3648, 1.3857, 1.611, 1.9218, 1.4852, 1.8459, 1.665, 1.8798, 
0.77114, 1.429, 1.6875, 1.7997, 1.4084, 0.99377, 1.2659, 1.2438, 1.7882, 1.4019, 1.5881, 1.2531, 1.8337, 
0.74282, 1.6956, 1.3384, 1.5511, 1.5984, 1.5974, 1.0179, 0.36526, 1.3076, 0.77119, 1.1362, 0.77046, 1.9849, 0.93687, 
0.95399, 1.3535, 1.7616, 1.7957, 1.3134, 0.78626, 1.3889, 1.4454, 1.8498, 1.5409, 1.6639, 1.3828, 1.7153, 0.27529, 1.1691, 
1.7847, 1.0135, 1.0623, 1.2392, 1.5153, 1.6232, 1.4795, 1.7873, 1.3332, 1.7454, 1.5809, 1.8316, 0.36855, 1.9291, 1.9099, 1.8596, 
1.7558, 1.8947, 1.4313, 0.40841, 1.1108, 1.6325, 1.6735, 1.0871, 0.07469, 0.65636, 0.34316, 0.80167, 1.491, 1.7715, 1.3149, 1.8283, 1.356, 
1.0274, 0.33752, 0.74619, 1.8773, 1.9249, 1.6774, 0.69709, 1.5538, 1.8078, 1.8457, 1.9225, 1.9034, 1.148, 1.4395, 1.54, 1.4283, 1.0897, 1.8375, 
1.589, 1.3565, 1.9132, 1.4864, 0.8381, 0.22345, 1.8019, 1.8456, 1.7398, 1.713, 1.6208, 1.565, 1.2422, 1.0786, 1.6998, 0.84922, 1.509, 1.7037, 1.5696, 
1.6088, 0.97328, 1.7003, 1.5923, 1.1676, 0.74484, 1.6733, 1.9686, 1.8241, 1.9184, 1.8164, 1.8364, 0.86865, 1.3226, 1.8712, 1.107, 1.1773, 1.8055, 1.2527, 0.53282, 
0.25348, 1.2611, 0.996, 1.8398, 1.8789, 1.7034, 0.45237, 0.78474, 1.62, 1.2875, 1.574, 1.3269, 1.8303, 0.96349, 0.65128, 1.1554, 1.745, 1.6442, 1.0434, 1.7289, 1.734, 
0.68369, 1.6584, 1.3013, 1.5881, 1.6364, 1.6147, 0.95965, 0.38175, 1.3425, 0.82586, 1.186, 0.83301, 1.9785, 0.92933, 0.06913, 1.1638, 1.9007, 1.3524, 1.495, 1.71, 1.8658, 0.58558, 
1.3015, 1.0928, 1.7721, 1.7585, 1.2276, 0.58062, 1.5485, 1.7929, 1.9193, 1.815, 1.8166, 1.6863, 1.3279, 0.85313, 1.6009, 0.60152, 1.5641, 1.8973, 1.301, 0.46849, 0.55628, 1.4828, 1.5934, 
1.7564, 1.0334, 1.6584, 1.433, 1.1121, 0.88772, 1.7429, 1.9985, 1.6978, 1.8967, 1.7393, 1.8411, 0.62252, 1.5306, 1.9548, 1.3397, 0.9619, 1.6805, 1.3015, 0.69898, 0.30567, 1.8449, 1.9533, 0.83821, 
0.62082, 1.3436, 1.5915, 1.8593, 1.5244, 1.1132, 1.1319, 1.2116, 1.8192, 1.4391, 1.6456, 1.3178, 1.8296, 0.17132, 0.9056, 0.37599, 1.9065, 1.8094, 1.329, 1.1736, 1.3544, 0.83183, 0.88567, 0.89889, 1.5629, 
1.6088, 1.8242, 1.1997, 0.72335, 1.3753, 1.7978, 1.4612, 0.88539, 0.2779, 0.62437, 0.53606, 0.85215, 1.5561, 1.7689, 1.1769, 1.8617, 1.3602, 0.34326, 1.7084, 1.8571, 1.911, 1.4573, 1.2044, 1.974, 1.8045, 1.7764, 
1.3724, 1.296, 1.8738, 1.6549, 1.044, 0.35534, 1.6595, 1.7533, 1.8391, 1.7089, 1.6953, 1.5521, 1.4095, 0.81194, 1.5556, 0.55704, 1.6442, 1.8085, 1.4828, 0.32291, 0.66086, 1.5438, 1.5589, 0.25469, 0.90201, 0.90294, 1.9173, 
1.1326, 1.6711, 0.92971, 1.2887, 1.7035, 1.8999, 0.98324, 0.39651, 0.90338, 0.70479, 0.95872, 0.92142, 1.7738, 1.5159, 0.73686, 1.681, 1.5741, 0.94979, 1.4633, 1.9573, 1.9946, 0.92515, 0.73709, 1.9229, 1.9729, 1.4715, 0.65923, 1.9089, 
0.70816, 0.87536, 0.52797, 1.8466, 1.9978, 1.8404, 0.16091, 1.1337, 1.6494, 1.5584, 1.7382, 1.6527, 1.5106, 1.3529, 1.1503, 1.4494, 1.3702, 1.6885, 0.5663, 1.7975, 1.6232, 0.60558, 1.0954, 1.5464, 1.6779, 1.2223, 1.4807, 1.6724, 1.0521, 
0.97192, 1.0522, 1.6521, 1.8906, 1.449, 0.86025, 1.3023, 1.6121, 1.9604, 1.7526, 1.8445, 1.6349, 1.529, 0.57985, 1.3761, 0.38608, 1.6959, 1.9471, 1.1779, 0.81942, 0.88851, 1.1852, 1.357, 0.39977, 1.1517, 0.57085, 1.9634, 0.5327, 1.7803, 1.3266, 
1.4696, 1.9533, 1.8552, 1.0451, 0.78919, 1.0608, 1.7379, 1.0768, 1.0815, 0.70769, 0.73122, 0.45386, 1.8259, 1.086, 0.99469, 1.1496, 1.8677, 1.031, 1.9559, 1.2416, 1.6104, 1.4823, 1.0511, 1.4246, 1.6456, 1.2006, 1.1797, 1.2427, 1.2957, 1.8112, 1.435, 
1.984, 1.4632, 1.645, 0.84041, 0.85063, 1.1535, 1.8999, 1.864, 1.1947, 1.5923, 1.3056, 1.5832, 0.65091, 1.8128, 1.9315, 1.6946, 0.81756, 1.1707, 1.618, 1.0849, 0.9863, 1.992, 1.9477, 1.3782, 0.73022, 1.8641, 1.3717, 1.3393, 1.7658, 1.8444, 1.6385, 1.4647, 
1.4821, 0.71217, 0.65295, 1.5477, 1.8062, 1.7826, 1.0714, 1.6376, 1.5051, 1.7768, 1.7345, 1.8847, 0.75965, 1.8148, 1.7467, 1.7882, 0.53268, 1.543, 0.6571, 1.6709, 1.3192, 1.4256, 1.7194, 1.5768, 1.2112, 1.7463, 1.4356, 1.7075, 1.4183, 0.93465, 1.5888, 1.9781, 1.2696, 
0.56128, 1.59, 1.2878, 1.6646, 1.6746, 1.5957, 0.8903, 0.494, 1.4363, 0.94375, 1.2887, 0.93895, 1.9702, 0.85198, 0.19196, 1.0926, 1.9031, 1.4465, 1.4261, 1.6821, 1.8245, 0.48552, 0.13244, 1.5314, 1.9283, 0.79014, 1.2999, 1.5115, 0.81912, 1.0313, 1.2714, 1.1172, 1.9715, 1.6983, 
1.15, 1.1603, 0.17756, 1.5345, 1.9286, 1.9877, 0.65937, 1.0524, 1.2698, 1.3598, 1.4698, 1.5338, 1.3997, 1.6909, 1.2463, 1.785, 1.1398, 1.3265, 0.89894, 1.9573, 1.786, 0.97126, 1.2129, 1.8384, 1.7404, 1.6011, 1.0696, 1.9194, 0.77263, 0.59949, 1.713, 1.7836, 1.6695, 0.78862, 1.2143, 
1.6611, 0.66876, 1.2692, 1.5402, 1.5004, 1.348, 1.4689, 1.9368, 1.6904, 1.9501, 1.8333, 1.9682, 0.35048, 1.697, 1.9518, 1.5656, 0.58142, 1.6983, 0.91222, 1.1782, 0.71769, 1.7034, 1.9356, 1.1464, 0.57232, 1.6734, 1.7271, 1.2841, 1.8238, 1.3616, 1.3175, 1.8971, 0.92346, 0.70915, 1.904, 1.3867, 
1.8086, 0.94341, 1.2972, 1.3138, 1.3837, 1.3945, 1.5951, 1.9204, 1.4973, 1.8533, 1.6777, 1.8884, 0.028006, 1.8302, 1.9826, 1.7126, 0.36266, 1.5041, 1.1249, 1.2494, 0.86854, 1.819, 1.9751, 1.3251, 0.62853, 1.8237, 1.5636, 1.4114, 1.7717, 1.493, 1.5216, 1.8368, 0.67728, 0.73867, 1.9654, 1.3873, 0.32822, 
1.3664, 0.22544, 1.0403, 1.7693, 1.7433, 1.4893, 1.132, 1.8103, 1.8165, 1.9645, 1.944, 1.9953, 0.76436, 1.5547, 1.7982, 1.462, 0.82668, 1.835, 0.48649, 1.335, 0.90613, 1.4152, 1.7669, 1.1397, 0.905, 1.4871, 1.7866, 1.3287, 1.7127, 1.0122, 1.1714, 1.9696, 1.3075, 0.59919, 1.7116, 1.1872, 0.46235, 0.73929, 
0.53785, 0.9459, 1.3571, 1.9833, 1.7319, 1.2809, 0.8816, 1.3774, 1.9378, 1.6827, 1.8592, 1.6228, 1.6417, 0.63285, 1.1483, 0.66156, 1.7084, 1.9418, 0.92624, 1.254, 1.2308, 0.76633, 1.1069, 0.86858, 1.4411, 0.49256, 1.8691, 1.0012, 1.5332, 0.92909, 0.50606, 1.5575, 1.8474, 1.4559, 0.99509, 1.4158, 1.4165, 1.629, 1.1288, 
0.46849, 1.0447, 0.73184, 1.8634, 1.9672, 1.7942, 0.1203, 0.96883, 1.6485, 1.446, 1.6794, 1.5206, 1.6733, 1.1791, 0.93123, 1.318, 1.5573, 1.6822, 0.77422, 1.7804, 1.6837, 0.3369, 0.87039, 1.5203, 1.7687, 1.0416, 1.4756, 1.6226, 0.97533, 0.2759, 1.2539, 1.6828, 1.9335, 1.1695, 0.79209, 0.7484, 1.5294, 1.6582, 1.1982, 0.81937, 
1.6779, 1.6307, 1.9901, 1.2407, 0.47925, 0.2571, 1.9097, 1.7232, 1.5205, 1.4739, 1.3431, 1.298, 1.3857, 1.1305, 1.601, 0.96529, 1.6045, 1.4715, 1.7929, 0.41571, 0.88382, 1.7836, 1.6274, 0.81966, 0.94807, 1.2571, 1.6738, 0.60488, 1.853, 1.9246, 1.0796, 0.92665, 1.0382, 1.8187, 1.6293, 1.9986, 1.4124, 1.3989, 1.6007, 1.4565, 1.8803, 
1.5768, 0.63931, 0.91163, 1.5391, 1.7008, 1.6382, 1.2445, 1.7842, 1.5799, 1.8678, 1.7866, 1.9433, 0.52519, 1.7992, 1.8593, 1.73, 0.41801, 1.6065, 0.72454, 1.502, 1.1014, 1.5605, 1.8363, 1.4307, 0.97259, 1.7466, 1.557, 1.568, 1.6011, 1.1145, 1.5038, 1.9735, 1.1103, 0.28436, 1.8109, 1.0418, 0.43737, 0.5002, 0.45416, 1.4572, 1.3299, 1.6828, 
1.9203, 1.6242, 1.8821, 0.89361, 0.40777, 0.75684, 1.9885, 1.8182, 1.2794, 1.4931, 1.2293, 1.3976, 1.0426, 1.5602, 1.8098, 1.4218, 1.25, 1.2324, 1.7906, 0.75768, 0.92257, 1.9687, 1.8362, 1.1616, 0.78914, 1.6526, 1.4799, 1.0371, 1.8283, 1.9687, 1.4495, 1.1473, 0.51423, 1.6067, 1.8593, 1.891, 1.2025, 1.0642, 1.5209, 1.7507, 1.9914, 0.57986, 1.4537, 
0.29367, 1.3689, 1.0961, 1.8001, 1.824, 1.6682, 0.5944, 0.68832, 1.5764, 1.1903, 1.4979, 1.2159, 1.8868, 0.89994, 0.51063, 1.1146, 1.8089, 1.5965, 1.1699, 1.7133, 1.7646, 0.1534, 0.44402, 1.4898, 1.8778, 0.7826, 1.4198, 1.5264, 0.88896, 0.74549, 1.1945, 1.3751, 1.999, 1.5237, 0.33648, 1.0539, 1.7761, 1.8774, 1.5154, 0.81167, 0.48346, 1.7377, 1.6512, 1.9445, 
1.4499, 1.835, 1.9526, 1.2414, 0.69334, 0.71204, 1.7789, 1.3265, 1.3692, 1.07, 1.0706, 0.83228, 1.7548, 0.88749, 1.1639, 0.8709, 1.8714, 1.3193, 1.8953, 0.91639, 1.3569, 1.5289, 1.206, 1.1103, 1.4441, 1.034, 1.4772, 0.89733, 1.5548, 1.8424, 1.1637, 0.40762, 1.4201, 1.9869, 1.2305, 1.9156, 1.7788, 1.765, 1.8577, 1.3988, 1.7207, 0.61864, 1.9345, 1.0209, 1.4365, 
1.5818, 0.53719, 1.16, 1.6086, 1.6009, 1.4295, 1.3562, 1.8959, 1.7178, 1.9563, 1.8682, 1.9861, 0.46188, 1.6829, 1.9125, 1.5675, 0.59879, 1.7314, 0.77001, 1.2649, 0.80806, 1.6184, 1.8912, 1.1808, 0.7061, 1.6435, 1.7288, 1.3362, 1.7751, 1.2404, 1.3056, 1.9402, 1.0507, 0.59949, 1.8538, 1.2895, 0.15956, 0.43609, 0.31916, 1.3512, 1.4227, 1.5057, 0.33803, 1.3261, 1.7018, 1.8327, 
1.8519, 1.6587, 1.9442, 0.98957, 0.29658, 0.58114, 1.9834, 1.7796, 1.3459, 1.4605, 1.234, 1.3293, 1.1929, 1.4185, 1.7326, 1.274, 1.4046, 1.2948, 1.8232, 0.62964, 0.91868, 1.9187, 1.7613, 1.0568, 0.85648, 1.5261, 1.5372, 0.89584, 1.8369, 1.9783, 1.3397, 1.0233, 0.7201, 1.7128, 1.7805, 1.9494, 1.3064, 1.2117, 1.5816, 1.6701, 1.9735, 0.37441, 1.567, 0.21758, 1.8833, 0.8434, 1.421, 
1.4609, 1.632, 0.84437, 1.0416, 1.6394, 1.94, 1.1849, 0.85578, 0.65888, 0.88049, 0.91391, 1.1157, 1.5075, 1.7923, 1.1701, 1.8972, 1.2509, 0.72754, 1.4592, 1.9658, 1.9287, 1.2761, 1.1746, 1.9974, 1.8325, 1.7605, 0.41314, 1.9917, 0.49714, 1.1873, 1.9402, 1.4477, 1.5012, 1.1911, 1.2468, 0.69747, 1.6323, 1.5081, 1.6095, 1.7579, 1.2215, 1.8629, 1.3736, 1.6835, 1.2752, 1.6985, 1.598, 1.7499, 
1.9126, 1.1999, 1.5423, 1.1318, 1.0897, 1.1816, 1.7915, 1.947, 1.4163, 1.7762, 1.5465, 1.774, 0.34838, 1.7933, 1.9928, 1.6545, 0.63646, 1.4049, 1.3961, 1.0534, 0.78407, 1.9381, 1.9973, 1.2568, 0.49366, 1.8218, 1.5438, 1.282, 1.8398, 1.7146, 1.5193, 1.6591, 0.35348, 1.0661, 1.9996, 1.6035, 0.59752, 0.37361, 1.0225, 1.7179, 1.8359, 1.1413, 0.85313, 0.72947, 1.9696, 1.5676, 0.73945, 0.89905, 1.5872, 
0.97292, 1.7016, 1.7678, 1.5794, 1.2227, 1.0232, 1.4249, 1.0506, 1.5511, 1.0811, 1.2817, 0.88718, 1.9257, 0.4408, 0.75838, 0.60723, 1.9922, 1.5249, 1.6886, 1.1747, 1.5107, 1.079, 0.7837, 1.1185, 1.6622, 0.56045, 1.552, 0.99312, 1.3665, 1.5252, 0.95691, 0.70572, 1.7718, 1.9449, 0.76619, 1.73, 1.8662, 1.9275, 1.7935, 1.0158, 1.3379, 1.0628, 1.9475, 1.4748, 0.96846, 0.59845, 1.8706, 1.3226, 1.6589, 1.8374, 
0.22708, 1.3443, 1.1318, 1.8258, 1.8166, 1.6315, 0.61006, 0.7486, 1.6184, 1.2314, 1.5324, 1.2427, 1.8835, 0.84109, 0.54455, 1.0554, 1.8194, 1.6361, 1.1564, 1.6748, 1.7288, 0.16487, 0.48008, 1.4378, 1.8529, 0.71724, 1.4707, 1.4779, 0.9563, 0.75806, 1.1323, 1.3774, 1.9998, 1.5351, 0.36174, 1.0995, 1.762, 1.8739, 1.4966, 0.74473, 0.4957, 1.7106, 1.6522, 1.9346, 0.076426, 1.4175, 1.6884, 1.8681, 1.3329, 1.9637, 0.93698, 
0.89704, 1.7253, 1.2049, 1.4338, 1.6319, 1.7305, 1.0048, 0.079319, 1.1242, 0.6357, 1.009, 0.73585, 1.9394, 1.1817, 0.28837, 1.3908, 1.8162, 1.1435, 1.544, 1.8221, 1.9532, 0.73648, 0.3036, 1.7568, 1.9951, 1.1475, 0.95369, 1.7176, 0.46556, 1.1228, 1.564, 1.0656, 1.8866, 1.6584, 0.41808, 1.0842, 1.9424, 1.9377, 1.806, 1.3247, 0.94299, 1.7063, 1.7999, 1.8259, 0.63049, 1.3, 1.9005, 1.7792, 0.92427, 1.9633, 0.99395, 0.68841, 
1.6654, 1.1777, 0.73004, 1.1919, 1.6715, 1.8584, 1.2734, 1.5031, 1.1074, 1.5213, 1.4136, 1.6732, 0.85266, 1.9593, 1.7017, 1.9608, 0.50477, 1.1545, 1.1018, 1.7898, 1.5418, 1.5567, 1.6904, 1.8109, 1.3733, 1.9178, 1.0469, 1.8761, 1.2124, 1.1754, 1.8511, 1.831, 1.1287, 0.52568, 1.7101, 0.75743, 1.0004, 0.84707, 1.0604, 1.7441, 1.3597, 1.8216, 0.67015, 1.5102, 1.6191, 1.9312, 0.96216, 1.6438, 0.83579, 1.0628, 1.9721, 1.6493, 1.5461, 
0.88846, 0.40322, 0.81877, 1.9282, 1.9303, 1.6411, 0.62195, 1.5044, 1.8505, 1.8263, 1.9328, 1.8694, 1.266, 1.3169, 1.4556, 1.3174, 1.229, 1.8775, 0.17314, 1.5441, 1.2661, 0.92968, 1.4074, 1.2397, 1.3516, 1.1961, 1.7466, 1.4234, 1.4549, 0.51725, 1.0702, 1.9129, 1.6972, 0.81679, 1.3272, 0.95502, 1.0211, 1.2442, 0.59604, 0.77416, 0.67973, 1.7708, 0.87793, 1.8236, 1.058, 1.8404, 0.88874, 1.8357, 1.5079, 1.4878, 1.5895, 1.0368, 1.4863, 1.2326, 
0.73605, 1.6695, 1.5726, 1.6342, 1.4548, 1.316, 1.1858, 0.76849, 1.5032, 0.97695, 1.2716, 0.85505, 1.9845, 0.56431, 0.42803, 0.8105, 1.9887, 1.4927, 1.5844, 1.4379, 1.6855, 0.79089, 0.44285, 1.3227, 1.8204, 0.57971, 1.4394, 1.2513, 1.116, 1.3092, 1.0896, 0.86742, 1.9004, 1.864, 0.41515, 1.5175, 1.9184, 1.9831, 1.7819, 0.96734, 1.0883, 1.3539, 1.9187, 1.6851, 0.65783, 0.89949, 1.8958, 1.5651, 1.4838, 1.9509, 0.36604, 0.63844, 0.69947, 1.885, 1.4784, 
1.9774, 1.5276, 1.4482, 0.64753, 1.0524, 1.4524, 1.8068, 1.7132, 0.91895, 1.4408, 1.1401, 1.5003, 0.73632, 1.94, 1.8567, 1.8753, 0.69497, 0.91266, 1.6045, 1.4093, 1.2997, 1.9322, 1.8729, 1.647, 1.0557, 1.9719, 1.0794, 1.619, 1.5407, 1.7484, 1.8371, 1.5028, 0.41747, 1.1463, 1.9139, 1.4469, 1.0507, 0.75822, 1.3735, 1.9458, 1.8525, 1.3258, 1.068, 0.83549, 1.9421, 1.5651, 1.1374, 1.0227, 1.1939, 0.61512, 1.8605, 1.9585, 1.7513, 0.84723, 1.7007, 1.9187, 
0.55683, 1.3901, 1.5579, 1.8428, 1.5496, 1.1882, 1.0876, 1.1133, 1.7755, 1.3666, 1.5976, 1.2528, 1.8713, 0.23295, 0.79697, 0.47954, 1.9271, 1.7676, 1.3484, 1.2582, 1.4409, 0.75286, 0.77576, 1.0047, 1.6354, 0.12084, 1.72, 1.0006, 1.388, 1.1901, 0.68402, 1.1694, 1.8981, 1.7562, 0.67806, 1.556, 1.727, 1.8655, 1.5347, 0.5448, 0.99087, 1.3139, 1.7746, 1.6947, 0.68853, 1.0419, 1.693, 1.5714, 1.7013, 1.8682, 0.52451, 0.62521, 1.0465, 1.9072, 1.2156, 0.4792, 1.9826, 
1.8541, 1.0722, 1.5286, 1.2737, 1.1656, 1.1453, 1.7409, 1.9767, 1.5356, 1.8503, 1.6518, 1.8399, 0.31346, 1.7359, 1.9987, 1.5835, 0.66209, 1.5263, 1.2978, 0.99174, 0.64766, 1.8967, 1.9983, 1.1476, 0.35731, 1.7568, 1.6447, 1.2017, 1.8836, 1.6594, 1.4135, 1.7122, 0.51709, 1.0273, 1.9888, 1.6059, 0.46094, 0.32978, 0.89437, 1.62, 1.7852, 1.1443, 0.78842, 0.80996, 1.9365, 1.589, 0.61331, 0.95116, 1.66, 0.17898, 1.822, 1.9249, 1.9872, 1.1117, 1.3861, 1.9372, 0.77751, 1.8113, 
1.8748, 1.2561, 1.7215, 1.2095, 0.90826, 0.88231, 1.8592, 1.9731, 1.5288, 1.7855, 1.5722, 1.7303, 0.63299, 1.6216, 1.9604, 1.4477, 0.94736, 1.5041, 1.4859, 0.74245, 0.55389, 1.9396, 1.9685, 1.0128, 0.30069, 1.6734, 1.6731, 1.0068, 1.9356, 1.8022, 1.3303, 1.5311, 0.46756, 1.2976, 1.9634, 1.7794, 0.73772, 0.65074, 1.1163, 1.6192, 1.8838, 0.85809, 1.0793, 0.53705, 1.9563, 1.3653, 0.88252, 0.65737, 1.7574, 0.34947, 1.6746, 1.9395, 1.9778, 1.3421, 1.5435, 1.8453, 0.84652, 1.7341, 0.33199, 
0.73178, 0.5291, 1.0159, 1.9822, 1.8874, 1.5225, 0.66229, 1.4805, 1.9176, 1.8118, 1.9454, 1.8204, 1.3957, 1.1036, 1.3668, 1.1045, 1.4075, 1.9369, 0.43427, 1.4387, 1.2225, 0.84144, 1.3178, 1.0841, 1.3641, 0.97421, 1.8239, 1.2698, 1.503, 0.6187, 0.85378, 1.8258, 1.7643, 1.0509, 1.2218, 1.1263, 1.1383, 1.3763, 0.74281, 0.51928, 0.67314, 1.6765, 1.0796, 1.8147, 0.95693, 1.718, 1.0273, 1.7951, 1.6234, 1.5706, 1.4208, 0.91823, 1.4492, 1.4341, 0.27027, 1.3259, 1.81, 1.0039, 1.4617, 1.5671, 
0.36618, 0.98284, 0.85451, 1.9169, 1.9485, 1.7144, 0.24998, 1.0552, 1.7347, 1.5134, 1.7424, 1.5598, 1.6728, 1.069, 0.96153, 1.1981, 1.5929, 1.7627, 0.74226, 1.6959, 1.6027, 0.33805, 0.90038, 1.4039, 1.714, 0.92205, 1.5809, 1.517, 1.1043, 0.35897, 1.1161, 1.6786, 1.9385, 1.2139, 0.80429, 0.89002, 1.5017, 1.6573, 1.156, 0.66079, 0.17135, 1.8208, 1.3439, 1.9696, 0.48484, 1.6775, 1.3967, 1.9396, 1.3524, 1.827, 1.2764, 0.47007, 1.02, 1.4463, 0.61715, 1.0501, 1.8942, 0.8824, 1.763, 1.8483, 0.55068, 
1.163, 1.8376, 1.2751, 1.2008, 1.5003, 1.7285, 1.2138, 0.25205, 0.86097, 0.36323, 0.73793, 0.54545, 1.893, 1.3472, 0.53643, 1.526, 1.7577, 0.87802, 1.6798, 1.8298, 1.9783, 1.0103, 0.57542, 1.8415, 1.9803, 1.3426, 0.70205, 1.7764, 0.41766, 1.3068, 1.7095, 0.95314, 1.761, 1.68, 0.69767, 1.1389, 1.9514, 1.8951, 1.8833, 1.5365, 1.1724, 1.6593, 1.8131, 1.71, 0.91639, 1.258, 1.928, 1.6797, 0.77788, 1.8862, 1.0941, 0.97087, 0.3097, 1.4757, 1.6479, 0.87542, 1.5919, 1.2531, 1.9373, 1.9172, 1.6373, 1.2586, 
0.21677, 1.0646, 1.2015, 1.9581, 1.8219, 1.4794, 0.64677, 1.1378, 1.8367, 1.5336, 1.7657, 1.5083, 1.7492, 0.71403, 0.92005, 0.84906, 1.7488, 1.849, 0.93773, 1.4793, 1.4715, 0.44998, 0.86696, 1.1483, 1.6424, 0.55144, 1.7266, 1.2472, 1.2996, 0.73995, 0.80224, 1.5317, 1.9454, 1.4483, 0.74632, 1.2334, 1.5577, 1.7363, 1.2486, 0.33109, 0.55659, 1.6169, 1.5118, 1.8768, 0.50634, 1.4562, 1.4782, 1.8057, 1.583, 1.8447, 1.0037, 0.4398, 1.0828, 1.6875, 0.78403, 0.83703, 1.9769, 0.52889, 1.7686, 1.7887, 0.5802, 0.40547, 1.3296, 
1.2873, 0.70793, 0.41135, 1.6481, 1.9112, 1.8568, 0.81696, 1.4851, 1.5338, 1.7165, 1.7421, 1.8361, 1.0181, 1.7281, 1.5912, 1.7394, 0.80081, 1.5775, 0.516, 1.7637, 1.4531, 1.2083, 1.5556, 1.6148, 1.3947, 1.6383, 1.417, 1.7507, 1.2703, 0.67259, 1.5536, 1.9681, 1.4793, 0.29184, 1.5264, 0.57518, 0.92737, 0.99767, 0.68658, 1.3314, 0.92451, 1.9066, 0.54303, 1.7633, 1.3195, 1.9954, 0.80042, 1.8439, 1.1198, 1.3004, 1.8693, 1.3349, 1.5019, 0.64991, 0.6588, 1.74, 1.3426, 1.6349, 1.2574, 1.4959, 0.90669, 0.98534, 1.5636, 1.2722, 
1.6544, 1.6003, 0.92521, 0.87027, 1.5393, 1.8923, 1.3613, 1.1355, 0.58595, 1.0397, 0.93393, 1.2466, 1.2906, 1.9131, 1.4171, 1.974, 1.0189, 0.65307, 1.4794, 1.8973, 1.8207, 1.4995, 1.4248, 1.9791, 1.6768, 1.8947, 0.4619, 1.9741, 0.81327, 1.3316, 1.9861, 1.5128, 1.265, 1.0791, 1.4902, 0.82414, 1.4722, 1.2944, 1.532, 1.8677, 1.4123, 1.798, 1.2262, 1.5216, 1.5093, 1.7347, 1.4581, 1.6248, 0.33533, 1.3621, 1.7923, 1.5576, 1.1991, 0.62594, 1.5576, 1.6746, 0.91385, 1.8534, 1.4557, 1.5728, 1.6968, 1.5272, 1.0316, 1.7434, 1.0906, 
1.282, 0.70367, 0.41086, 1.6523, 1.913, 1.8561, 0.81139, 1.4841, 1.5377, 1.7176, 1.7447, 1.8367, 1.0219, 1.7243, 1.5888, 1.7359, 0.80649, 1.5812, 0.50943, 1.763, 1.4525, 1.2035, 1.5531, 1.6122, 1.3957, 1.634, 1.4205, 1.7487, 1.2707, 0.66661, 1.5495, 1.9683, 1.4833, 0.29706, 1.5233, 0.57551, 0.92885, 1.0014, 0.68447, 1.3259, 0.91902, 1.9067, 0.5462, 1.7657, 1.3152, 1.9949, 0.8013, 1.8455, 1.123, 1.3039, 1.8668, 1.3303, 1.5005, 0.65697, 0.65198, 1.737, 1.348, 1.6306, 1.2601, 1.4981, 0.90017, 0.97936, 1.5637, 1.2665, 0.0075278, 1.0956, 
1.4036, 1.9403, 1.8397, 1.1167, 0.8642, 1.0777, 1.6932, 1.0281, 1.1264, 0.70373, 0.7789, 0.44338, 1.8605, 1.0199, 0.92229, 1.1008, 1.899, 1.0803, 1.9341, 1.259, 1.6268, 1.4195, 0.97893, 1.4125, 1.6762, 1.1329, 1.2044, 1.2355, 1.2706, 1.773, 1.398, 0.094984, 1.5261, 1.9847, 1.0426, 1.7676, 1.9168, 1.8703, 1.9674, 1.5039, 1.633, 0.96374, 1.9867, 1.2134, 1.3076, 0.40999, 1.9534, 1.085, 1.454, 1.7061, 0.62576, 1.3086, 1.0112, 1.853, 1.8838, 0.78086, 1.5627, 1.0968, 1.7518, 1.5768, 1.7879, 1.6259, 0.9206, 1.4698, 1.9617, 1.5377, 1.9616, 
0.68322, 1.5336, 0.98804, 1.6061, 1.7989, 1.8056, 0.70281, 0.35937, 1.3029, 0.9303, 1.2593, 1.035, 1.8863, 1.1809, 0.42948, 1.3876, 1.7474, 1.333, 1.3109, 1.8635, 1.9178, 0.46693, 0.38442, 1.7247, 1.9729, 1.1012, 1.1062, 1.7338, 0.50794, 0.83291, 1.4915, 1.3159, 1.9464, 1.4983, 0.4025, 0.88467, 1.8445, 1.8798, 1.6383, 1.1634, 0.63908, 1.8204, 1.6635, 1.9363, 0.40568, 1.4854, 1.7775, 1.9011, 0.9515, 1.9649, 1.1165, 0.47927, 0.33305, 1.4666, 1.2445, 0.7954, 1.8124, 1.0038, 1.966, 1.9996, 1.2191, 0.73578, 0.5987, 0.8812, 1.2996, 1.2316, 1.2971, 1.2602, 
1.8115, 1.8328, 1.9543, 0.83218, 0.077123, 0.7381, 1.9753, 1.5851, 1.1528, 1.1904, 0.96036, 1.0358, 1.4194, 1.3778, 1.5508, 1.2941, 1.5593, 1.0917, 1.9416, 0.86788, 1.2147, 1.8534, 1.591, 1.2444, 1.1707, 1.4969, 1.3543, 1.0543, 1.6729, 1.9939, 1.4489, 0.71774, 0.91428, 1.8356, 1.632, 1.9271, 1.5499, 1.4377, 1.7776, 1.7232, 1.9534, 0.49362, 1.7395, 0.48296, 1.7929, 0.63394, 1.6455, 0.36396, 1.6262, 1.1529, 1.1723, 1.7861, 1.5876, 1.696, 1.942, 1.4054, 1.0965, 1.518, 1.2274, 0.97527, 1.8936, 1.9357, 1.4544, 1.8046, 1.9302, 1.5398, 1.9319, 0.79419, 1.7645, 
0.82854, 0.88165, 1.4922, 1.9585, 1.6136, 1.0797, 1.1104, 1.5728, 1.9849, 1.7893, 1.9059, 1.706, 1.5105, 0.678, 1.3532, 0.57442, 1.641, 1.9813, 0.97338, 1.0196, 0.97598, 1.0431, 1.3222, 0.5919, 1.2191, 0.60145, 1.9559, 0.76494, 1.7135, 1.1266, 0.2591, 1.5692, 1.7099, 1.4574, 1.2241, 1.5665, 1.2683, 1.4989, 1.037, 0.30969, 1.068, 1.2846, 1.3981, 1.5913, 1.0815, 1.3461, 1.2257, 1.5071, 1.8784, 1.5593, 1.0747, 1.0185, 1.5254, 1.7654, 0.84897, 1.1248, 1.8689, 0.69588, 1.4452, 1.4206, 0.61353, 0.91957, 1.6979, 0.63251, 1.3912, 1.9389, 1.3863, 1.5281, 1.3997, 1.6149, 
1.545, 1.335, 0.59672, 1.1771, 1.73, 1.9515, 1.1431, 1.2404, 0.95539, 1.3065, 1.2637, 1.4976, 1.1646, 1.9108, 1.488, 1.9622, 0.84541, 1.0166, 1.1824, 1.9186, 1.7449, 1.3915, 1.4773, 1.9229, 1.6128, 1.8623, 0.81489, 1.9693, 0.90538, 1.0758, 1.9046, 1.7353, 1.342, 0.75046, 1.512, 0.53968, 1.2857, 1.16, 1.2703, 1.7336, 1.2211, 1.9051, 0.95438, 1.6511, 1.4414, 1.8972, 1.2354, 1.758, 0.51372, 1.334, 1.8796, 1.4853, 1.2925, 0.36104, 1.2825, 1.7387, 1.0301, 1.8292, 1.389, 1.5732, 1.4654, 1.3392, 1.2146, 1.6122, 0.73465, 0.3987, 0.74016, 1.748, 1.2192, 1.739, 1.8119, 
0.12817, 1.2398, 1.0814, 1.8726, 1.8548, 1.6351, 0.52044, 0.85752, 1.6785, 1.3327, 1.6135, 1.3471, 1.8351, 0.85858, 0.67483, 1.051, 1.775, 1.6981, 1.0465, 1.6609, 1.6786, 0.12813, 0.61139, 1.396, 1.8083, 0.71877, 1.5319, 1.4592, 1.026, 0.6638, 1.0817, 1.4648, 1.9933, 1.4656, 0.49547, 1.0692, 1.6931, 1.8238, 1.4026, 0.65745, 0.40353, 1.7291, 1.5804, 1.9462, 0.18466, 1.4804, 1.6116, 1.8855, 1.3708, 1.9331, 1.0107, 0.13691, 0.80285, 1.6204, 0.91909, 0.74091, 1.9603, 0.64334, 1.8839, 1.9135, 0.79534, 0.34688, 1.0762, 0.33707, 1.2593, 1.5812, 1.2542, 1.3993, 0.56627, 1.8293, 0.94165, 1.476, 
1.4859, 0.88887, 0.52465, 1.4678, 1.8183, 1.8633, 1.043, 1.5275, 1.3742, 1.6663, 1.6296, 1.8007, 0.87577, 1.8577, 1.6773, 1.8578, 0.58279, 1.4196, 0.77481, 1.773, 1.4673, 1.3942, 1.6521, 1.7007, 1.3501, 1.7897, 1.2815, 1.8107, 1.2702, 0.91618, 1.6958, 1.9401, 1.306, 0.21767, 1.6441, 0.63414, 0.88746, 0.85946, 0.7994, 1.5343, 1.1436, 1.8773, 0.47654, 1.6492, 1.4856, 1.9935, 0.7947, 1.7584, 1.0092, 1.1543, 1.9475, 1.5075, 1.5567, 0.36964, 0.92036, 1.8404, 1.1167, 1.7855, 1.1454, 1.3998, 1.1519, 1.2167, 1.5597, 1.4838, 0.29527, 0.90153, 0.30271, 1.9472, 1.4051, 1.8423, 1.5676, 0.54701, 1.4511, 
1.5328, 0.47956, 1.2461, 1.6726, 1.5797, 1.3322, 1.3626, 1.9157, 1.7942, 1.9849, 1.9112, 1.9934, 0.56852, 1.5867, 1.8989, 1.4537, 0.75602, 1.803, 0.76689, 1.1572, 0.68149, 1.5963, 1.8768, 1.0384, 0.63525, 1.5492, 1.8098, 1.2102, 1.8296, 1.2562, 1.171, 1.9166, 1.0991, 0.73744, 1.8309, 1.3757, 0.22376, 0.54649, 0.29587, 1.2501, 1.4184, 1.4336, 0.49853, 1.3124, 1.6773, 1.7758, 0.17453, 1.3853, 1.6925, 0.78648, 1.8021, 1.6562, 1.9133, 1.1104, 0.85889, 1.8459, 1.2345, 1.6085, 0.63659, 0.85904, 0.9578, 1.3718, 1.9574, 1.4102, 0.9001, 1.572, 0.89977, 1.9259, 1.7898, 1.6235, 1.0971, 1.3624, 1.5758, 0.93258, 
1.2133, 1.855, 1.8238, 1.3444, 1.023, 1.0345, 1.5824, 1.0111, 1.3316, 0.85727, 1.0142, 0.61837, 1.9135, 0.76451, 0.80733, 0.87677, 1.9663, 1.2949, 1.8448, 1.2137, 1.5854, 1.2652, 0.85556, 1.2823, 1.6845, 0.88333, 1.3698, 1.1177, 1.3066, 1.6748, 1.2071, 0.3742, 1.6557, 1.991, 0.89045, 1.7644, 1.9169, 1.9197, 1.9123, 1.2979, 1.508, 0.98822, 1.994, 1.3377, 1.1478, 0.4083, 1.9397, 1.1902, 1.5554, 1.7856, 0.34512, 1.1361, 0.97318, 1.93, 1.7712, 0.55243, 1.7198, 0.84523, 1.8034, 1.6348, 1.6409, 1.4781, 0.97358, 1.2696, 1.9421, 1.669, 1.9409, 0.28864, 1.1808, 0.96004, 1.3372, 1.8261, 1.225, 1.9705, 1.8925, 
1.3403, 1.8502, 1.2237, 1.0253, 1.4667, 1.7814, 1.2963, 0.47597, 0.63246, 0.35689, 0.60285, 0.61539, 1.7914, 1.5304, 0.78798, 1.6792, 1.6265, 0.66194, 1.6989, 1.8694, 1.9842, 1.1776, 0.82102, 1.9218, 1.9447, 1.5295, 0.4448, 1.859, 0.38974, 1.3625, 1.8333, 1.0294, 1.6404, 1.5944, 0.93365, 1.0784, 1.892, 1.7953, 1.8661, 1.6828, 1.2785, 1.6878, 1.7322, 1.6463, 1.108, 1.3513, 1.8756, 1.6479, 0.57311, 1.7854, 1.2849, 1.1642, 0.5468, 1.3164, 1.6943, 1.1054, 1.4216, 1.4511, 1.8559, 1.8549, 1.7215, 1.38, 0.26863, 1.4932, 1.5058, 0.80676, 1.5072, 1.0208, 0.76818, 1.428, 1.8207, 1.046, 1.2527, 1.4544, 1.9263, 1.1302, 
0.81578, 0.44652, 1.0374, 1.9752, 1.8697, 1.4961, 0.73438, 1.5413, 1.9293, 1.8496, 1.9644, 1.8558, 1.332, 1.1394, 1.4332, 1.1184, 1.3582, 1.9476, 0.40183, 1.4, 1.1559, 0.9258, 1.3865, 1.0467, 1.2959, 1.0185, 1.8456, 1.2425, 1.5541, 0.67718, 0.84453, 1.8478, 1.7185, 1.0131, 1.2937, 1.1561, 1.0628, 1.3121, 0.6634, 0.56349, 0.75296, 1.6531, 1.0217, 1.7783, 1.0384, 1.7288, 0.95149, 1.764, 1.6499, 1.5113, 1.4594, 1.0001, 1.5121, 1.4144, 0.25684, 1.3834, 1.7761, 1.0562, 1.3962, 1.5082, 0.094099, 0.63792, 1.6885, 0.65985, 0.89071, 1.705, 0.8844, 1.8139, 1.2905, 1.8795, 0.60965, 1.469, 0.8803, 1.1294, 0.87581, 1.6733, 1.7631, 
1.4681, 0.81085, 0.5502, 1.513, 1.8259, 1.839, 1.0306, 1.563, 1.4346, 1.7111, 1.678, 1.8357, 0.84671, 1.8349, 1.6956, 1.8271, 0.57842, 1.4775, 0.70775, 1.7408, 1.4178, 1.3889, 1.6686, 1.654, 1.3082, 1.7644, 1.3473, 1.7737, 1.3212, 0.89779, 1.6496, 1.9594, 1.3098, 0.13654, 1.6542, 0.67615, 0.82911, 0.82833, 0.71922, 1.4914, 1.1318, 1.8637, 0.41106, 1.6475, 1.4849, 1.9955, 0.72703, 1.7537, 1.0808, 1.1372, 1.9434, 1.5028, 1.5883, 0.44153, 0.85941, 1.8426, 1.1465, 1.7651, 1.1152, 1.3751, 1.0952, 1.1946, 1.6031, 1.4542, 0.25053, 0.97827, 0.25764, 1.9651, 1.4283, 1.8513, 1.5166, 0.63006, 1.4399, 0.087266, 0.86263, 1.9788, 1.5084, 1.068, 
1.8092, 1.7939, 1.9657, 0.89753, 0.076038, 0.6583, 1.9781, 1.6332, 1.2236, 1.2626, 1.0431, 1.1063, 1.3857, 1.3571, 1.586, 1.2555, 1.5462, 1.1648, 1.9173, 0.78282, 1.1387, 1.8622, 1.6234, 1.1741, 1.1019, 1.4772, 1.4201, 0.98275, 1.7227, 1.9932, 1.3968, 0.77596, 0.89258, 1.8238, 1.6573, 1.9469, 1.5048, 1.4038, 1.7378, 1.6927, 1.9568, 0.41008, 1.7152, 0.43071, 1.8062, 0.64315, 1.604, 0.282, 1.6764, 1.1134, 1.1781, 1.7958, 1.6329, 1.7084, 1.917, 1.4233, 1.1084, 1.5058, 1.1787, 0.91283, 1.8642, 1.932, 1.5135, 1.7908, 1.9239, 1.5858, 1.9254, 0.8466, 1.7967, 0.095722, 1.569, 1.7669, 1.8332, 1.8418, 1.5747, 0.98891, 1.4928, 1.8467, 1.8465, 
1.9684, 1.7715, 1.7751, 0.46342, 0.51027, 1.1144, 1.9705, 1.651, 0.89826, 1.2434, 0.90091, 1.2042, 1.1237, 1.7233, 1.7264, 1.6504, 1.2031, 0.84717, 1.8689, 1.1507, 1.2788, 1.9594, 1.7599, 1.4995, 1.1092, 1.8038, 1.1357, 1.3811, 1.6054, 1.9552, 1.7163, 1.0754, 0.53086, 1.5806, 1.8117, 1.749, 1.3607, 1.1467, 1.6622, 1.9194, 1.9803, 0.91112, 1.4895, 0.45594, 1.9269, 1.1183, 1.4647, 0.58696, 1.3972, 0.86083, 1.5561, 1.9348, 1.6767, 1.3389, 1.9169, 1.7, 0.60148, 1.8168, 0.99952, 0.84706, 1.9455, 1.9969, 1.4962, 1.9721, 1.7262, 1.2114, 1.7298, 1.1542, 1.8236, 0.55026, 1.8237, 1.4265, 1.9647, 1.5635, 1.4988, 1.3509, 1.3756, 1.9217, 1.586, 0.58069, 
1.0158, 0.54536, 1.3582, 1.9478, 1.6773, 1.1891, 1.0973, 1.7143, 1.9938, 1.9191, 1.9856, 1.8726, 1.2573, 1.0219, 1.5623, 0.90238, 1.3954, 1.9971, 0.72409, 1.0665, 0.82506, 1.1812, 1.5284, 0.67222, 1.0337, 0.94701, 1.9664, 0.90086, 1.7723, 1.0584, 0.54867, 1.7621, 1.5807, 1.1948, 1.4397, 1.4671, 0.96867, 1.2413, 0.69675, 0.56491, 1.0956, 1.382, 1.1042, 1.5651, 1.2551, 1.5589, 0.90804, 1.5283, 1.849, 1.3653, 1.3737, 1.2048, 1.6806, 1.5735, 0.64013, 1.4063, 1.7359, 1.0266, 1.229, 1.277, 0.48407, 0.96725, 1.8281, 0.82642, 1.164, 1.8623, 1.1592, 1.7357, 1.5247, 1.694, 0.37883, 1.68, 1.1077, 1.3411, 0.77112, 1.59, 1.9048, 0.42294, 1.2768, 1.6433, 1.7993, 
0.69276, 1.0342, 0.50962, 1.7937, 1.9888, 1.8807, 0.14395, 0.98491, 1.5585, 1.438, 1.6426, 1.5488, 1.5897, 1.3615, 1.0318, 1.4852, 1.4281, 1.6003, 0.73454, 1.8572, 1.7225, 0.53031, 0.97711, 1.6319, 1.7682, 1.2363, 1.3706, 1.735, 0.89469, 0.18247, 1.4077, 1.7457, 1.8746, 1.0192, 0.92523, 0.52558, 1.4732, 1.5743, 1.1571, 1.0085, 0.23676, 1.9469, 1.2161, 1.9893, 0.65738, 1.814, 1.3611, 1.9963, 1.0709, 1.7768, 1.4868, 0.68686, 0.97789, 1.1804, 0.6911, 1.2415, 1.7512, 1.1877, 1.7376, 1.8678, 0.7712, 0.38914, 1.1647, 0.77629, 0.75717, 1.2524, 0.75233, 1.7054, 0.67903, 1.9793, 1.2251, 1.0266, 0.61824, 0.96454, 1.3854, 1.6168, 1.2243, 0.83469, 0.96213, 1.9871, 1.9408, 1.1949, 
1.1447, 1.7891, 1.1641, 1.2293, 1.5759, 1.7948, 1.1333, 0.23591, 0.86366, 0.47065, 0.8048, 0.67405, 1.8621, 1.4048, 0.58192, 1.582, 1.704, 0.89199, 1.6127, 1.8818, 1.9935, 0.96944, 0.60645, 1.8767, 1.9877, 1.3852, 0.66767, 1.829, 0.2786, 1.2213, 1.7383, 1.0737, 1.7702, 1.6, 0.71857, 1.0204, 1.9181, 1.8628, 1.8344, 1.536, 1.1009, 1.7332, 1.7506, 1.7579, 0.8917, 1.3644, 1.8859, 1.741, 0.67519, 1.8796, 1.187, 0.95246, 0.31254, 1.3928, 1.5875, 0.9504, 1.5795, 1.296, 1.9288, 1.933, 1.5952, 1.2023, 0.14117, 1.3156, 1.472, 0.95397, 1.4721, 1.0435, 0.53686, 1.5349, 1.7071, 1.1141, 1.0489, 1.4697, 1.9238, 1.0896, 0.2494, 1.6473, 1.5159, 1.5914, 1.5378, 1.8154, 1.0719, 
1.1369, 0.6924, 1.5076, 1.8995, 1.5447, 1.0055, 1.2718, 1.7794, 1.992, 1.9223, 1.9603, 1.8501, 1.232, 0.98408, 1.6147, 0.81156, 1.4202, 1.9872, 0.91157, 0.87038, 0.6547, 1.3124, 1.589, 0.4659, 0.90256, 0.94497, 1.9946, 0.70825, 1.8559, 1.241, 0.44613, 1.6883, 1.4919, 1.3014, 1.5076, 1.6072, 0.9603, 1.2197, 0.79206, 0.66147, 1.2633, 1.2132, 1.1748, 1.4271, 1.3661, 1.4461, 0.93584, 1.3766, 1.9213, 1.2874, 1.3245, 1.314, 1.7452, 1.6449, 0.84426, 1.4153, 1.6947, 1.0394, 1.1486, 1.1481, 0.69578, 1.1375, 1.8712, 0.95188, 1.3078, 1.9151, 1.3039, 1.6677, 1.6275, 1.5646, 0.39078, 1.768, 1.2327, 1.4502, 0.78252, 1.5277, 1.9456, 0.6391, 1.3888, 1.5054, 1.7046, 0.22393, 1.3644, 1.8731, 
0.49998, 0.82326, 0.82044, 1.9407, 1.9603, 1.699, 0.29101, 1.1964, 1.7862, 1.6203, 1.8162, 1.6655, 1.5727, 1.1271, 1.114, 1.2185, 1.5031, 1.8145, 0.5787, 1.6574, 1.5125, 0.51254, 1.056, 1.3492, 1.6226, 0.98159, 1.6439, 1.4872, 1.2131, 0.31404, 1.08, 1.7608, 1.8888, 1.1038, 0.96248, 0.8907, 1.378, 1.5553, 1.0057, 0.63948, 0.28538, 1.8169, 1.2214, 1.9453, 0.65453, 1.7345, 1.2642, 1.9255, 1.4052, 1.7476, 1.3684, 0.63495, 1.166, 1.3925, 0.44484, 1.1768, 1.8583, 0.96246, 1.6715, 1.7767, 0.39756, 0.1789, 1.3846, 0.46567, 0.88123, 1.5471, 0.87469, 1.714, 0.88959, 1.9545, 0.8631, 1.3262, 0.50872, 1.1318, 1.2363, 1.5719, 1.4848, 0.48192, 1.0989, 1.9439, 1.9944, 0.84894, 0.42487, 1.3257, 1.0366, 
1.2299, 1.6276, 1.9121, 1.5501, 0.9785, 0.59734, 1.6324, 1.411, 1.6528, 1.3341, 1.4037, 1.1246, 1.7488, 0.53412, 1.1677, 0.45384, 1.897, 1.6157, 1.7072, 0.76789, 1.1897, 1.3743, 1.1889, 0.79212, 1.3631, 0.69624, 1.7161, 0.60087, 1.6609, 1.697, 0.77873, 0.787, 1.5563, 1.932, 1.1648, 1.9054, 1.6849, 1.7532, 1.6888, 1.0652, 1.5649, 0.67818, 1.8667, 1.1884, 1.2991, 0.44273, 1.7203, 1.0068, 1.8496, 1.6088, 0.46484, 1.2585, 1.3664, 1.9937, 1.6244, 0.80621, 1.7434, 0.74234, 1.5805, 1.3779, 1.454, 1.4816, 1.4201, 1.1855, 1.9178, 1.9053, 1.9158, 0.75182, 1.4671, 0.94385, 0.98523, 1.983, 1.2945, 1.9746, 1.6289, 0.57119, 1.5539, 1.4645, 1.9591, 0.91552, 1.3908, 1.2519, 1.6999, 1.5068, 1.1315, 1.5232, 
0.65601, 1.339, 1.6106, 1.8576, 1.5057, 1.0798, 1.1587, 1.2418, 1.8279, 1.4555, 1.6531, 1.3297, 1.8173, 0.14921, 0.93836, 0.33509, 1.9022, 1.8169, 1.3351, 1.1393, 1.3256, 0.86796, 0.91998, 0.86269, 1.538, 0.042221, 1.7909, 0.86507, 1.4989, 1.2453, 0.53744, 1.1988, 1.8485, 1.75, 0.8268, 1.6226, 1.6598, 1.8116, 1.4801, 0.49557, 1.0707, 1.2284, 1.7434, 1.631, 0.8209, 1.0187, 1.6327, 1.5022, 1.7798, 1.8049, 0.56195, 0.75584, 1.1786, 1.9244, 1.2035, 0.60599, 1.9649, 0.16044, 1.7384, 1.65, 0.98021, 0.94956, 1.3676, 0.57811, 1.6482, 1.9075, 1.6439, 1.1328, 1.1361, 1.4792, 0.58225, 1.876, 0.75519, 1.7973, 1.5355, 0.88392, 1.5511, 1.0211, 1.771, 1.4572, 1.7916, 0.93188, 1.2631, 1.4117, 0.92122, 1.0032, 0.66941, 
1.4984, 0.58287, 1.4314, 1.716, 1.4773, 1.1172, 1.441, 1.9429, 1.8706, 1.9951, 1.9301, 1.9639, 0.73427, 1.4267, 1.8757, 1.2569, 0.98491, 1.8693, 0.89713, 0.92704, 0.43622, 1.6032, 1.8565, 0.77902, 0.50609, 1.4057, 1.9054, 0.96431, 1.9148, 1.3589, 0.95904, 1.8269, 1.1261, 0.99779, 1.8032, 1.5491, 0.43643, 0.72014, 0.49611, 1.1376, 1.4749, 1.2535, 0.77669, 1.2258, 1.6697, 1.6306, 0.45879, 1.2611, 1.8303, 0.83727, 1.6673, 1.6377, 1.9308, 1.3379, 0.9387, 1.7573, 1.339, 1.4816, 0.67146, 0.78476, 0.95505, 1.4003, 1.9867, 1.353, 1.1257, 1.7295, 1.1244, 1.8333, 1.8271, 1.5202, 0.92683, 1.562, 1.5609, 1.1793, 0.29289, 1.7774, 1.9842, 0.87243, 1.1136, 1.4595, 1.4881, 0.62902, 1.4868, 1.9719, 0.56759, 1.2746, 1.4416, 1.3854, 
0.83616, 0.71761, 1.3829, 1.9774, 1.6911, 1.1896, 1.0239, 1.5996, 1.9928, 1.84, 1.9497, 1.7815, 1.4312, 0.83447, 1.4105, 0.7487, 1.5466, 1.995, 0.81058, 1.1057, 0.97224, 1.0309, 1.3743, 0.68594, 1.1956, 0.74157, 1.9519, 0.88553, 1.7019, 1.0187, 0.4249, 1.676, 1.698, 1.3256, 1.2757, 1.4733, 1.1671, 1.4168, 0.88917, 0.34078, 0.99775, 1.3863, 1.2708, 1.6349, 1.0938, 1.476, 1.1068, 1.5736, 1.8409, 1.519, 1.2145, 1.0357, 1.5572, 1.6713, 0.6869, 1.2308, 1.8393, 0.82093, 1.3969, 1.4145, 0.45756, 0.85131, 1.731, 0.6344, 1.2547, 1.8931, 1.2494, 1.6383, 1.4013, 1.6974, 0.18456, 1.7315, 0.94133, 1.4464, 0.98143, 1.4633, 1.8381, 0.44031, 1.3898, 1.6524, 1.8542, 0.2347, 1.1374, 1.7255, 0.34686, 0.7632, 1.1408, 0.72894, 0.84091, 
0.51741, 1.3004, 1.5223, 1.8857, 1.593, 1.197, 1.0392, 1.1764, 1.8244, 1.447, 1.6671, 1.3443, 1.8303, 0.27953, 0.87516, 0.47175, 1.891, 1.819, 1.2637, 1.2462, 1.3907, 0.73779, 0.84749, 0.9543, 1.594, 0.11029, 1.7658, 0.97987, 1.4276, 1.1337, 0.60791, 1.2614, 1.8953, 1.7019, 0.74193, 1.5336, 1.6665, 1.823, 1.4539, 0.42715, 0.94616, 1.3396, 1.7159, 1.7105, 0.69757, 1.1193, 1.6264, 1.5939, 1.7256, 1.8428, 0.63302, 0.6288, 1.1116, 1.8846, 1.1252, 0.59026, 1.9863, 0.12159, 1.7757, 1.7121, 0.90226, 0.8229, 1.324, 0.44654, 1.5787, 1.87, 1.5741, 1.1928, 1.0369, 1.5665, 0.59071, 1.8209, 0.6206, 1.7424, 1.5365, 0.94909, 1.5126, 0.95383, 1.7168, 1.549, 1.8481, 0.92408, 1.1481, 1.3569, 0.94814, 0.88719, 0.79807, 0.14498, 1.4082, 0.71131, 
1.8942, 1.3019, 1.7329, 1.1589, 0.86425, 0.88648, 1.8793, 1.9618, 1.4892, 1.7564, 1.5319, 1.7013, 0.65266, 1.6366, 1.9555, 1.4677, 0.95379, 1.4628, 1.5229, 0.76002, 0.60927, 1.9539, 1.9656, 1.0502, 0.36372, 1.692, 1.6414, 1.0312, 1.9226, 1.8246, 1.3652, 1.5024, 0.41639, 1.319, 1.9647, 1.7853, 0.78166, 0.67217, 1.1619, 1.652, 1.9032, 0.84353, 1.1076, 0.4847, 1.967, 1.3462, 0.92568, 0.61869, 1.7383, 0.34671, 1.6727, 1.9519, 1.9682, 1.3385, 1.581, 1.845, 0.80583, 1.7499, 0.36141, 0.063981, 1.606, 1.8716, 1.8981, 1.8142, 1.5176, 1.5493, 1.52, 1.5512, 1.9995, 0.93263, 1.4593, 1.5647, 1.93, 1.4126, 0.90952, 1.6198, 1.8306, 1.5493, 1.3916, 0.87257, 0.78869, 1.3248, 1.8847, 1.9158, 1.1969, 1.8046, 1.3792, 1.6692, 0.84275, 1.4566, 1.732, 
0.84165, 1.4663, 0.75406, 1.5558, 1.858, 1.9109, 0.63514, 0.49841, 1.2248, 0.99754, 1.2702, 1.1557, 1.7767, 1.3885, 0.69395, 1.5646, 1.5902, 1.2685, 1.2167, 1.9454, 1.9345, 0.6055, 0.65829, 1.8195, 1.9532, 1.3042, 0.99805, 1.848, 0.38541, 0.72746, 1.6172, 1.4628, 1.8844, 1.3174, 0.68111, 0.6274, 1.7538, 1.7691, 1.5498, 1.2842, 0.62061, 1.9159, 1.5153, 1.9502, 0.61112, 1.6456, 1.6777, 1.9472, 0.75082, 1.8904, 1.3438, 0.68162, 0.51692, 1.2547, 1.1836, 1.0521, 1.7032, 1.2205, 1.8986, 1.975, 1.222, 0.76368, 0.67388, 1.015, 1.1095, 1.0372, 1.1078, 1.4218, 0.28919, 1.8319, 1.5044, 0.98154, 0.72402, 1.1971, 1.7159, 1.3821, 0.74559, 1.2854, 1.23, 1.8653, 1.804, 1.5605, 0.55449, 0.56207, 1.6794, 0.88439, 1.6482, 1.3359, 1.7988, 1.4741, 1.2365, 1.9745, 
1.4007, 1.7278, 0.98077, 1.0332, 1.59, 1.8994, 1.2068, 0.67349, 0.61414, 0.68017, 0.78297, 0.92908, 1.6397, 1.6977, 1.0057, 1.8244, 1.4168, 0.67412, 1.5557, 1.9501, 1.9724, 1.2147, 1.0188, 1.9864, 1.8993, 1.6747, 0.34418, 1.9595, 0.34873, 1.2387, 1.9112, 1.2982, 1.575, 1.3608, 1.1072, 0.82626, 1.754, 1.6415, 1.7238, 1.7307, 1.2213, 1.8159, 1.5301, 1.6893, 1.1876, 1.5801, 1.7249, 1.7309, 0.2297, 1.6865, 1.5223, 1.2479, 0.74725, 1.0383, 1.5813, 1.3359, 1.2967, 1.6057, 1.759, 1.8184, 1.6624, 1.3467, 0.56508, 1.541, 1.2746, 0.51672, 1.277, 1.2985, 0.83745, 1.5664, 1.865, 0.7315, 1.3069, 1.1935, 1.8024, 1.4019, 0.35061, 1.697, 1.2583, 1.6235, 1.4018, 1.8819, 1.1055, 0.4682, 1.9453, 1.4247, 1.7503, 1.6959, 1.9098, 1.848, 1.6444, 1.7971, 0.68888, 
1.6221, 1.9227, 1.9356, 0.9581, 0.50124, 0.86294, 1.8648, 1.3189, 1.1251, 0.92624, 0.81837, 0.7086, 1.687, 1.1715, 1.2467, 1.1622, 1.7759, 1.0656, 1.9752, 1.0455, 1.4406, 1.6566, 1.2962, 1.3159, 1.4569, 1.2996, 1.2775, 1.1134, 1.4884, 1.9169, 1.4114, 0.30828, 1.2624, 1.9558, 1.3485, 1.8834, 1.7771, 1.701, 1.9126, 1.6198, 1.8211, 0.68025, 1.9096, 0.88466, 1.5673, 0.33894, 1.8431, 0.74638, 1.5588, 1.4749, 0.86044, 1.563, 1.312, 1.8156, 1.9464, 1.087, 1.3639, 1.2955, 1.5337, 1.3144, 1.8667, 1.8061, 1.1913, 1.6498, 1.9892, 1.5599, 1.9899, 0.385, 1.5323, 0.42663, 1.573, 1.7779, 1.6316, 1.939, 1.8148, 0.58185, 1.2238, 1.8735, 1.9531, 0.48297, 0.86788, 1.7321, 1.8746, 1.2975, 1.6272, 1.8618, 0.76334, 1.2887, 1.7085, 1.6784, 1.3711, 1.2812, 1.6515, 1.4439, 
1.5886, 0.59727, 1.3497, 1.6324, 1.4902, 1.2359, 1.4573, 1.9512, 1.7882, 1.9838, 1.8908, 1.9776, 0.53234, 1.5752, 1.9262, 1.4241, 0.78222, 1.7914, 0.88976, 1.0526, 0.56189, 1.6616, 1.9082, 0.97181, 0.49954, 1.5524, 1.8247, 1.1319, 1.8787, 1.3599, 1.1502, 1.8726, 1.0147, 0.84418, 1.8656, 1.4699, 0.21337, 0.51503, 0.43224, 1.2857, 1.5061, 1.3347, 0.59384, 1.2075, 1.7327, 1.7145, 0.26323, 1.2803, 1.7387, 0.69753, 1.7802, 1.7097, 1.9482, 1.1704, 0.96983, 1.8513, 1.1931, 1.6172, 0.53482, 0.73643, 1.0436, 1.455, 1.9805, 1.4635, 1.0181, 1.6069, 1.0181, 1.8863, 1.8457, 1.5376, 1.1074, 1.4274, 1.6358, 1.0293, 0.14169, 1.8597, 1.9486, 0.96246, 0.96525, 1.4838, 1.4235, 0.80173, 1.4822, 1.9559, 0.77275, 1.3274, 1.5747, 1.5356, 0.22572, 1.0106, 1.5498, 0.79019, 1.7844, 1.8407, 1.7509, 
0.46138, 1.0464, 1.3776, 1.9676, 1.7189, 1.2878, 0.87954, 1.2992, 1.9075, 1.6143, 1.8108, 1.5489, 1.7084, 0.55014, 1.0513, 0.62489, 1.7654, 1.9105, 1.0068, 1.2819, 1.3019, 0.70186, 1.0103, 0.91787, 1.5086, 0.39599, 1.8344, 1.023, 1.4804, 0.94668, 0.5463, 1.491, 1.8811, 1.5187, 0.89565, 1.4218, 1.5001, 1.6968, 1.2246, 0.12223, 0.80376, 1.4537, 1.5317, 1.7658, 0.7295, 1.3449, 1.4383, 1.6768, 1.7339, 1.7725, 0.92473, 0.65917, 1.2426, 1.7779, 0.85505, 0.85926, 1.97, 0.43466, 1.6838, 1.6703, 0.60978, 0.64998, 1.4631, 0.27273, 1.3855, 1.8604, 1.3801, 1.4323, 1.092, 1.7048, 0.39601, 1.7453, 0.58507, 1.5828, 1.3432, 1.216, 1.6236, 0.66281, 1.5454, 1.6791, 1.9196, 0.67902, 1.0053, 1.4682, 0.76085, 0.6621, 1.0164, 0.40623, 1.2323, 0.45605, 0.31739, 1.6994, 1.2357, 1.6916, 1.5722, 1.376, 
1.8216, 1.9237, 1.5838, 0.23697, 0.89963, 1.4814, 1.7921, 1.2162, 0.31601, 0.72906, 0.33102, 0.79351, 1.4601, 1.7339, 1.3907, 1.764, 1.3826, 0.2444, 1.9066, 1.563, 1.7076, 1.7407, 1.4329, 1.8064, 1.5805, 1.7925, 0.58, 1.6943, 1.1371, 1.8068, 1.8953, 0.91779, 1.0477, 1.6254, 1.5216, 1.4959, 1.6766, 1.4763, 1.8557, 1.9528, 1.7948, 1.2969, 1.6479, 1.0444, 1.6867, 1.1801, 1.7298, 1.101, 0.94895, 1.3192, 1.4748, 1.7174, 1.262, 1.2681, 1.9427, 1.5017, 0.85465, 1.7622, 1.4473, 1.3788, 1.9833, 1.8558, 1.0075, 1.896, 1.6862, 0.84843, 1.6898, 0.98338, 1.4657, 0.88103, 1.9595, 1.1863, 1.7787, 1.5287, 1.788, 1.2215, 0.83302, 1.9875, 1.5779, 0.95851, 0.64731, 1.9849, 1.7336, 1.0467, 1.9477, 1.9008, 1.5083, 1.7948, 1.825, 1.9877, 1.8164, 1.332, 1.4328, 0.89403, 0.89568, 1.7574, 1.9234, 
1.2011, 0.38614, 1.3167, 1.8875, 1.6588, 1.2228, 1.1782, 1.8105, 1.9615, 1.9753, 1.995, 1.946, 1.0449, 1.2277, 1.7028, 1.0935, 1.2019, 1.9666, 0.66518, 1.0681, 0.70724, 1.3319, 1.6718, 0.74882, 0.86821, 1.1666, 1.9474, 0.97761, 1.8181, 1.108, 0.74963, 1.8411, 1.4362, 1.0334, 1.5957, 1.4408, 0.73241, 1.027, 0.48005, 0.80485, 1.2007, 1.3961, 0.90051, 1.4874, 1.4135, 1.6492, 0.67039, 1.4841, 1.824, 1.1825, 1.5398, 1.3727, 1.7868, 1.4364, 0.64444, 1.5798, 1.5954, 1.2414, 1.0342, 1.1288, 0.59584, 1.0981, 1.9031, 1.0309, 1.0557, 1.7939, 1.0518, 1.8269, 1.6349, 1.6861, 0.62514, 1.5928, 1.2768, 1.2045, 0.5238, 1.7167, 1.9447, 0.51056, 1.1337, 1.6327, 1.7217, 0.26093, 1.2532, 1.8822, 0.32961, 0.96147, 1.3875, 1.1511, 0.40332, 0.49132, 1.1475, 1.181, 1.6304, 1.8851, 1.7821, 0.56118, 0.91454, 1.9524, 
1.7934, 1.1634, 1.7358, 1.3579, 0.97644, 0.78349, 1.8123, 1.987, 1.651, 1.8436, 1.669, 1.773, 0.71049, 1.5119, 1.9397, 1.3177, 1.0397, 1.6272, 1.4171, 0.60799, 0.35363, 1.8824, 1.9437, 0.83569, 0.1596, 1.5609, 1.7774, 0.85386, 1.9767, 1.758, 1.1707, 1.552, 0.66671, 1.3192, 1.9256, 1.8046, 0.71321, 0.72141, 1.0444, 1.4895, 1.8311, 0.81864, 1.093, 0.64837, 1.9027, 1.3428, 0.84804, 0.70962, 1.8412, 0.50475, 1.6106, 1.8784, 1.9838, 1.4338, 1.4595, 1.7919, 1.0267, 1.6323, 0.41683, 0.20743, 1.4581, 1.7779, 1.9537, 1.6878, 1.4982, 1.6843, 1.4994, 1.588, 1.9879, 1.0377, 1.2673, 1.6578, 1.8444, 1.4418, 0.78447, 1.61, 1.9179, 1.3958, 1.407, 0.96525, 1.0029, 1.1241, 1.8364, 1.9713, 0.97727, 1.6996, 1.2912, 1.5348, 0.64727, 1.2651, 1.6014, 0.26299, 1.981, 1.8944, 1.3441, 0.65246, 1.5472, 1.5073, 0.98419, 