
1.9647, 
0.68639, 1.2783, 
2.0209, 2.1758, 2.5633, 
1.8866, 1.9267, 2.1573, 0.50321, 
1.4495, 2.6146, 2.0527, 0.57155, 0.68967, 
0.16834, 1.9067, 0.64753, 1.9869, 1.7773, 1.4266, 
2.6472, 1.1647, 2.2616, 1.0111, 0.90141, 1.5213, 2.4812, 
2.4442, 1.1738, 2.1359, 1.5833, 1.8996, 2.0552, 2.5892, 1.1783, 
0.44846, 1.7974, 0.68211, 2.3049, 2.3169, 1.7644, 0.59241, 2.9388, 1.9992, 
1.0479, 2.8615, 1.7152, 1.2166, 1.495, 0.80667, 1.1477, 2.218, 1.8918, 1.1164, 
0.97183, 1.9156, 1.2021, 1.3677, 0.99146, 0.98811, 0.82507, 1.6919, 2.8671, 1.4164, 1.3719, 
0.95272, 2.4599, 1.508, 1.5762, 1.8963, 1.2085, 1.1019, 2.5093, 1.7258, 0.83477, 0.40181, 1.6147, 
1.1632, 2.517, 1.7114, 0.87831, 0.79143, 0.35134, 1.1097, 1.6925, 2.4063, 1.5459, 0.85606, 0.6627, 1.2244, 
0.85323, 1.1127, 0.16935, 2.6206, 2.1539, 2.1742, 0.80267, 2.1084, 2.0442, 0.83188, 1.8844, 1.2592, 1.6649, 1.825, 