
1.2812, 
1.2219, 1.062, 
2.5267, 2.3935, 1.8567, 
2.3242, 2.2535, 2.6951, 0.85661, 
1.8021, 1.6926, 2.7529, 1.5929, 0.74124, 
0.58822, 1.0321, 0.63779, 2.3636, 2.8983, 2.3032, 
0.99477, 2.1054, 1.2627, 1.5377, 1.9028, 2.1434, 1.0734, 
2.1105, 2.432, 1.5205, 0.46444, 1.2505, 1.9841, 1.9168, 1.123, 
1.5473, 2.6898, 1.6728, 0.98372, 1.3398, 1.8389, 1.6695, 0.60649, 0.68025, 
1.9666, 2.8258, 1.8184, 0.56804, 1.0488, 1.7104, 2.0226, 1.0078, 0.39654, 0.41943, 
1.5384, 2.8146, 1.9237, 1.0379, 1.161, 1.5759, 1.8055, 0.74189, 0.85864, 0.27236, 0.49679, 
2.287, 1.0093, 1.4315, 1.4086, 1.5021, 1.5308, 1.8731, 2.5804, 1.6739, 2.3513, 1.9671, 2.4447, 
0.79165, 1.5919, 2.0085, 2.2387, 1.5625, 1.04, 1.3708, 1.3423, 2.2129, 1.5535, 1.8349, 1.3543, 2.3203, 
0.76106, 2.0237, 1.4662, 1.7752, 1.8518, 1.8502, 1.0679, 0.36732, 1.4252, 0.7917, 1.2084, 0.79092, 2.8959, 0.97504, 
0.99446, 1.4866, 2.1551, 2.2298, 1.4328, 0.80807, 1.5353, 1.6154, 2.3615, 1.7591, 1.9652, 1.5268, 2.0613, 0.27616, 1.2486, 
2.205, 1.0628, 1.1199, 1.3364, 1.7195, 1.8937, 1.6654, 2.2109, 1.4592, 2.1214, 1.823, 2.3149, 0.37066, 2.6076, 2.5389, 2.3878, 
2.1429, 2.4898, 1.5951, 0.4113, 1.1777, 1.9098, 1.9827, 1.1494, 0.074707, 0.66876, 0.34487, 0.82486, 1.6826, 2.1762, 1.4348, 2.3067, 1.4901, 
1.079, 0.33914, 0.76468, 2.4373, 2.5919, 1.9898, 0.71204, 1.7795, 2.2576, 2.3509, 2.5829, 2.5173, 1.2227, 1.6068, 1.7576, 1.5908, 1.1524, 2.3299, 
1.8363, 1.4908, 2.5502, 1.6757, 0.8648, 0.22392, 2.2439, 2.3505, 2.1099, 2.0569, 1.8897, 1.7973, 1.3403, 1.1392, 2.0316, 0.87706, 1.7097, 2.039, 1.8047, 
1.8694, 1.0165, 2.0326, 1.8418, 1.2468, 0.76323, 1.9822, 2.787, 2.2966, 2.5683, 2.2778, 2.3269, 0.89858, 1.4451, 2.4198, 1.1731, 1.2588, 2.2522, 1.3538, 0.53933, 
0.25417, 1.3645, 1.0426, 2.3356, 2.4421, 2.0384, 0.45632, 0.80641, 1.8882, 1.3988, 1.8119, 1.4508, 2.3119, 1.0053, 0.66337, 1.2318, 2.1206, 1.9301, 1.0977, 2.088, 2.0983, 
0.69775, 1.9554, 1.4169, 1.8349, 1.9166, 1.8793, 1.0009, 0.38411, 1.4718, 0.85133, 1.2696, 0.8592, 2.8478, 0.96651, 0.069144, 1.2422, 2.5086, 1.4852, 1.6886, 2.0511, 2.4048, 0.59428, 
1.4171, 1.1561, 2.1774, 2.1485, 1.3217, 0.58911, 1.771, 2.2234, 2.5715, 2.2746, 2.2784, 2.0062, 1.4521, 0.88138, 1.8561, 0.61098, 1.7958, 2.4979, 1.4165, 0.47289, 0.56372, 1.6703, 1.8437, 
2.1442, 1.086, 1.9554, 1.5975, 1.1792, 0.91981, 2.1163, 3.0629, 2.0278, 2.4961, 2.1089, 2.3391, 0.63304, 1.743, 2.7154, 1.4681, 1.0035, 1.9955, 1.4171, 0.71405, 0.30687, 2.3487, 2.7086, 0.86492, 
0.63125, 1.4732, 1.8405, 2.387, 1.7335, 1.1806, 1.2031, 1.3015, 2.2847, 1.6063, 1.9326, 1.4388, 2.3099, 0.17153, 0.93981, 0.37824, 2.5275, 2.2613, 1.4537, 1.2542, 1.4879, 0.8579, 0.91752, 0.93229, 1.7939, 
1.8694, 2.2968, 1.2866, 0.74013, 1.5165, 2.2345, 1.6384, 0.9172, 0.27881, 0.63498, 0.54269, 0.8803, 1.7831, 2.1706, 1.2583, 2.3935, 1.4958, 0.34496, 2.0481, 2.3809, 2.5429, 1.6327, 1.2925, 2.8186, 2.2499, 2.1868, 
1.5125, 1.4099, 2.4272, 1.9491, 1.0984, 0.35724, 1.9572, 2.1377, 2.3338, 2.0489, 2.0231, 1.7768, 1.5641, 0.83608, 1.7824, 0.56451, 1.9302, 2.2592, 1.6704, 0.32433, 0.67351, 1.7637, 1.7875, 0.25539, 0.93578, 0.93682, 2.5644, 
1.204, 1.9782, 0.96694, 1.4003, 2.0387, 2.5061, 1.0279, 0.39916, 0.93732, 0.72026, 0.99985, 0.95759, 2.1812, 1.7204, 0.75464, 1.9965, 1.8121, 0.98969, 1.6414, 2.7275, 2.9944, 0.9618, 0.75489, 2.5844, 2.8117, 1.6536, 0.67179, 2.5357, 
0.72386, 0.90603, 0.5343, 2.3531, 3.0475, 2.3371, 0.16109, 1.2054, 1.9393, 1.7867, 2.1068, 1.9452, 1.7123, 1.4858, 1.2256, 1.6213, 1.5095, 2.0103, 0.57415, 2.2338, 1.8937, 0.61524, 1.1593, 1.7677, 1.9907, 1.3151, 1.6672, 1.9806, 1.1079, 
1.0149, 1.1081, 1.9442, 2.4771, 1.6206, 0.88926, 1.4181, 1.8748, 2.743, 2.1363, 2.3477, 1.9139, 1.7405, 0.5883, 1.5176, 0.38852, 2.0243, 2.6808, 1.2595, 0.84427, 0.92069, 1.2685, 1.4914, 0.40248, 1.2272, 0.5789, 2.7583, 0.53921, 2.1953, 1.4504, 
1.6508, 2.7084, 2.3759, 1.0997, 0.81125, 1.1181, 2.1062, 1.1371, 1.1426, 0.72336, 0.74857, 0.45785, 2.3008, 1.148, 1.0411, 1.2247, 2.41, 1.0832, 2.7208, 1.3395, 1.8721, 1.6695, 1.1067, 1.5855, 1.9326, 1.2877, 1.2617, 1.3409, 1.4095, 2.2657, 1.6004, 
2.8882, 1.6413, 1.9315, 0.86734, 0.87862, 1.2295, 2.5062, 2.3997, 1.2804, 1.8419, 1.4226, 1.8268, 0.66299, 2.2694, 2.6166, 2.0218, 0.84223, 1.2507, 1.8849, 1.1467, 1.0314, 2.9625, 2.6834, 1.5205, 0.7475, 2.4, 1.5115, 1.4675, 2.164, 2.3476, 1.9203, 1.6435, 
1.6693, 0.72815, 0.66515, 1.7698, 2.2539, 2.2005, 1.1306, 1.9187, 1.7039, 2.1877, 2.0992, 2.4592, 0.77922, 2.2742, 2.1241, 2.2129, 0.53919, 1.7624, 0.66954, 1.978, 1.4406, 1.587, 2.0694, 1.8164, 1.301, 2.1232, 1.6013, 2.0463, 1.5766, 0.97252, 1.836, 2.8455, 1.3756, 
0.56892, 1.8379, 1.3992, 1.9666, 1.9847, 1.8475, 0.92268, 0.49917, 1.6022, 0.98283, 1.4003, 0.9774, 2.7957, 0.88011, 0.19225, 1.1558, 2.5165, 1.6169, 1.5877, 1.9984, 2.2976, 0.49042, 0.13253, 1.7443, 2.6044, 0.81229, 1.415, 1.7136, 0.84395, 1.0835, 1.3778, 1.1854, 2.8037, 2.0288, 
1.2252, 1.2378, 0.17779, 1.7492, 2.6058, 2.9201, 0.67194, 1.1083, 1.3758, 1.4952, 1.6511, 1.748, 1.5504, 2.0149, 1.3455, 2.2057, 1.2128, 1.4502, 0.93234, 2.7276, 2.208, 1.0142, 1.3032, 2.3322, 2.1113, 1.8563, 1.1285, 2.572, 0.79326, 0.60885, 2.0568, 2.2026, 1.9754, 0.81063, 1.305, 
1.9601, 0.68189, 1.375, 1.7581, 1.6968, 1.4793, 1.6498, 2.6377, 2.014, 2.6941, 2.3193, 2.7846, 0.3523, 2.0263, 2.7018, 1.7983, 0.58994, 2.0287, 0.94723, 1.2599, 0.73407, 2.0384, 2.6327, 1.2209, 0.58043, 1.9825, 2.0845, 1.3944, 2.2957, 1.4977, 1.4383, 2.4972, 0.95989, 0.72492, 2.5196, 1.5323, 
2.2594, 0.98245, 1.4114, 1.4334, 1.5281, 1.5431, 1.8464, 2.5755, 1.6921, 2.3708, 1.9904, 2.4703, 0.028007, 2.3116, 2.8775, 2.056, 0.36467, 1.7023, 1.1947, 1.3495, 0.89846, 2.2842, 2.826, 1.4485, 0.63937, 2.2954, 1.7952, 1.5669, 2.1767, 1.6856, 1.7291, 2.3281, 0.69094, 0.75659, 2.769, 1.5331, 0.32971, 
1.5042, 0.22592, 1.0941, 2.1715, 2.117, 1.68, 1.2033, 2.2634, 2.2782, 2.7643, 2.6673, 3.005, 0.78431, 1.7809, 2.2353, 1.6395, 0.85224, 2.3236, 0.49142, 1.4616, 0.9404, 1.5721, 2.1663, 1.2127, 0.93913, 1.6768, 2.2092, 1.4533, 2.0564, 1.0613, 1.2515, 2.7924, 1.4251, 0.60854, 2.0542, 1.2711, 0.46657, 0.75725, 
0.54455, 0.98527, 1.4915, 2.8826, 2.0942, 1.3902, 0.91298, 1.5193, 2.6417, 1.9996, 2.3868, 1.8931, 1.9259, 0.64392, 1.2231, 0.67426, 2.048, 2.6579, 0.96302, 1.3554, 1.3257, 0.78644, 1.173, 0.8985, 1.6092, 0.49768, 2.4139, 1.0486, 1.747, 0.96625, 0.51163, 1.7853, 2.3553, 1.6307, 1.0415, 1.5731, 1.574, 1.9037, 1.1994, 
0.47288, 1.0992, 0.74924, 2.3981, 2.7786, 2.2263, 0.12037, 1.0114, 1.9378, 1.6162, 1.9934, 1.7276, 1.9822, 1.261, 0.96866, 1.4389, 1.785, 1.9987, 0.79499, 2.1957, 2.0014, 0.33851, 0.90051, 1.727, 2.1701, 1.0956, 1.6597, 1.8927, 1.0188, 0.27678, 1.3553, 1.9998, 2.6244, 1.2491, 0.81441, 0.76706, 1.7411, 1.9551, 1.2848, 0.84422, 
1.9906, 1.9066, 2.9421, 1.3384, 0.48396, 0.25781, 2.5382, 2.0769, 1.7274, 1.6571, 1.4726, 1.4125, 1.5309, 1.2015, 1.8562, 1.0073, 1.8621, 1.6535, 2.2234, 0.41877, 0.91546, 2.2025, 1.901, 0.84454, 0.98774, 1.3594, 1.9831, 0.61451, 2.3701, 2.5908, 1.1404, 0.96349, 1.0916, 2.2835, 1.9043, 3.0665, 1.5682, 1.5492, 1.8558, 1.6315, 2.4462, 
1.8165, 0.65073, 0.94657, 1.7563, 2.0335, 1.9198, 1.3432, 2.204, 1.8214, 2.4105, 2.2093, 2.664, 0.53142, 2.2378, 2.387, 2.0902, 0.42112, 1.8654, 0.74141, 1.6992, 1.1664, 1.7901, 2.3267, 1.5943, 1.0157, 2.1239, 1.7845, 1.8021, 1.8565, 1.1821, 1.7019, 2.8158, 1.1771, 0.28533, 2.2649, 1.0958, 0.44093, 0.50557, 0.45815, 1.6325, 1.4549, 1.9998, 
2.5751, 1.8954, 2.4513, 0.92638, 0.41064, 0.77618, 2.9273, 2.2823, 1.3882, 1.6857, 1.3239, 1.5475, 1.0968, 1.7897, 2.2623, 1.5815, 1.3503, 1.3279, 2.2183, 0.77709, 0.95889, 2.7875, 2.3265, 1.2394, 0.8112, 1.9451, 1.6659, 1.0903, 2.3069, 2.7873, 1.6213, 1.2219, 0.52007, 1.8659, 2.387, 2.4783, 1.2901, 1.1221, 1.7281, 2.1324, 2.9564, 0.58831, 1.6274, 
0.29473, 1.5078, 1.16, 2.2398, 2.2963, 1.973, 0.60352, 0.70269, 1.8158, 1.2749, 1.693, 1.3069, 2.4654, 0.93346, 0.51635, 1.1822, 2.2603, 1.8487, 1.2497, 2.0574, 2.1614, 0.15355, 0.44775, 1.6808, 2.4388, 0.80408, 1.5787, 1.7365, 0.92119, 0.76393, 1.2802, 1.5162, 3.0791, 1.7324, 0.33809, 1.11, 2.1861, 2.4378, 1.7195, 0.83579, 0.4883, 2.1058, 1.9425, 2.6693, 
1.6219, 2.3234, 2.7053, 1.3393, 0.70804, 0.72801, 2.1922, 1.4503, 1.5081, 1.129, 1.1297, 0.85839, 2.1409, 0.91955, 1.2422, 0.90108, 2.4204, 1.4408, 2.4916, 0.95193, 1.4912, 1.7404, 1.2945, 1.177, 1.6135, 1.0867, 1.6619, 0.93054, 1.781, 2.3424, 1.242, 0.4105, 1.5792, 2.9124, 1.3254, 2.5584, 2.1921, 2.1623, 2.3825, 1.5491, 2.0718, 0.62896, 2.6284, 1.0715, 1.6025, 
1.8245, 0.54386, 1.2374, 1.8689, 1.856, 1.5925, 1.4903, 2.4935, 2.0663, 2.7227, 2.4116, 2.9059, 0.46608, 1.9999, 2.5479, 1.8014, 0.60811, 2.093, 0.79042, 1.3694, 0.83184, 1.8856, 2.4788, 1.2631, 0.72166, 1.9289, 2.088, 1.4633, 2.184, 1.338, 1.4226, 2.6513, 1.1063, 0.60885, 2.3722, 1.4014, 0.15973, 0.43962, 0.32053, 1.4835, 1.5828, 1.7047, 0.33966, 1.4498, 2.0354, 2.3176, 
2.3671, 1.9559, 2.668, 1.0352, 0.29768, 0.58965, 2.8839, 2.1938, 1.4764, 1.6373, 1.3299, 1.454, 1.2782, 1.5768, 2.0955, 1.3813, 1.5572, 1.4084, 2.2942, 0.64053, 0.9545, 2.5695, 2.1544, 1.1134, 0.88509, 1.736, 1.7533, 0.92887, 2.3283, 2.8465, 1.468, 1.0743, 0.73664, 2.0566, 2.1958, 2.6908, 1.4236, 1.3017, 1.8242, 1.9764, 2.8158, 0.37664, 1.8005, 0.21801, 2.455, 0.87064, 1.5804, 
1.6379, 1.9089, 0.8717, 1.0956, 1.9218, 2.6504, 1.2682, 0.88432, 0.67142, 0.91174, 0.94914, 1.1836, 1.7076, 2.222, 1.2499, 2.4976, 1.3514, 0.74463, 1.6355, 2.7711, 2.606, 1.3839, 1.2555, 3.0386, 2.3173, 2.1528, 0.41614, 2.9594, 0.50241, 1.2711, 2.6515, 1.6187, 1.698, 1.2759, 1.3461, 0.71245, 1.9095, 1.7084, 1.8705, 2.1473, 1.3141, 2.3969, 1.5141, 2.0011, 1.3828, 2.0291, 1.8512, 2.1307, 
2.5481, 1.2868, 1.7613, 1.2031, 1.1524, 1.2641, 2.2202, 2.6801, 1.5737, 2.1863, 1.7678, 2.1816, 0.35017, 2.2243, 2.9719, 1.9484, 0.64773, 1.5577, 1.5453, 1.1094, 0.80569, 2.6427, 3.0373, 1.359, 0.49882, 2.291, 1.7637, 1.3916, 2.3356, 2.06, 1.7256, 1.9566, 0.35534, 1.1244, 3.1032, 1.8604, 0.60679, 0.37582, 1.0732, 2.0665, 2.3257, 1.2146, 0.88138, 0.74669, 2.7926, 1.8015, 0.75743, 0.93247, 1.8333, 
1.0161, 2.0349, 2.1683, 1.8207, 1.3155, 1.0741, 1.5859, 1.1061, 1.7751, 1.1422, 1.3912, 0.9192, 2.5947, 0.44445, 0.77785, 0.61696, 2.9652, 1.7342, 2.0105, 1.2556, 1.7124, 1.1397, 0.80529, 1.1869, 1.9622, 0.56806, 1.7766, 1.0393, 1.5044, 1.7346, 0.99779, 0.72125, 2.1768, 2.671, 0.78629, 2.0904, 2.4059, 2.6015, 2.2247, 1.0655, 1.4656, 1.1205, 2.6822, 1.6584, 1.011, 0.60776, 2.4182, 1.4451, 1.9563, 2.3296, 
0.22757, 1.4742, 1.2031, 2.3006, 2.2783, 1.908, 0.61994, 0.76728, 1.8855, 1.3266, 1.7459, 1.3409, 2.4555, 0.86809, 0.55151, 1.1118, 2.2851, 1.916, 1.233, 1.985, 2.088, 0.16506, 0.48482, 1.6044, 2.3698, 0.73357, 1.6523, 1.6631, 0.9971, 0.77749, 1.2037, 1.5193, 3.1147, 1.75, 0.36374, 1.1641, 2.1558, 2.4275, 1.691, 0.76311, 0.50092, 2.0523, 1.9442, 2.6288, 0.076445, 1.5754, 2.0101, 2.4113, 1.4589, 2.7598, 0.97516, 
0.93021, 2.081, 1.2931, 1.5987, 1.9087, 2.0913, 1.0527, 0.07934, 1.1939, 0.64693, 1.0577, 0.75356, 2.6481, 1.2643, 0.28938, 1.538, 2.2775, 1.2172, 1.7639, 2.2917, 2.7082, 0.75423, 0.30478, 2.145, 3.0014, 1.2222, 0.99412, 2.0658, 0.46988, 1.1922, 1.7957, 1.1238, 2.4648, 1.9554, 0.42118, 1.1459, 2.6605, 2.6409, 2.2535, 1.4479, 0.98197, 2.044, 2.2393, 2.301, 0.64143, 1.4151, 2.5079, 2.1929, 0.9608, 2.7578, 1.0402, 0.70279, 
1.9679, 1.2593, 0.74731, 1.2768, 1.979, 2.3844, 1.3804, 1.7009, 1.1736, 1.7286, 1.57, 1.9821, 0.88086, 2.7377, 2.0351, 2.7447, 0.51028, 1.2308, 1.1669, 2.2164, 1.7605, 1.784, 2.0138, 2.2648, 1.5138, 2.5663, 1.1018, 2.4339, 1.3026, 1.2564, 2.365, 2.3136, 1.1993, 0.53193, 2.0513, 0.77682, 1.0476, 0.87469, 1.1176, 2.1187, 1.4951, 2.2906, 0.68337, 1.7117, 1.8868, 2.6153, 1.0038, 1.9295, 0.86225, 1.1205, 2.807, 1.9391, 1.7673, 
0.92063, 0.40601, 0.84356, 2.6041, 2.6122, 1.9247, 0.63244, 1.7028, 2.3635, 2.3019, 2.6218, 2.4148, 1.3708, 1.4376, 1.6302, 1.4382, 1.3235, 2.438, 0.17335, 1.7641, 1.3709, 0.96691, 1.5611, 1.3371, 1.4841, 1.2821, 2.124, 1.5838, 1.6292, 0.52319, 1.1293, 2.5493, 2.0267, 0.84138, 1.4512, 0.99564, 1.0716, 1.3429, 0.60523, 0.79493, 0.69354, 2.1746, 0.90889, 2.2952, 1.1149, 2.3372, 0.92094, 2.3253, 1.7081, 1.6777, 1.8372, 1.09, 1.6755, 1.3281, 
0.75377, 1.9753, 1.8096, 1.9128, 1.629, 1.4363, 1.2694, 0.78878, 1.7009, 1.0207, 1.3781, 0.88351, 2.892, 0.57208, 0.43137, 0.83451, 2.9285, 1.6851, 1.8288, 1.6047, 2.0047, 0.81311, 0.44655, 1.4453, 2.2874, 0.58815, 1.6067, 1.352, 1.1839, 1.4273, 1.1523, 0.89721, 2.5076, 2.3998, 0.41819, 1.7228, 2.5683, 2.8813, 2.1988, 1.0097, 1.1507, 1.4872, 2.5695, 2.0039, 0.67031, 0.93296, 2.4931, 1.7975, 1.6718, 2.6974, 0.36812, 0.64982, 0.71458, 2.46, 1.6638, 
2.8407, 1.7384, 1.6194, 0.65942, 1.1082, 1.6256, 2.2552, 2.0572, 0.95481, 1.6087, 1.2131, 1.6965, 0.75406, 2.6503, 2.38, 2.4316, 0.70978, 0.94774, 1.862, 1.5639, 1.4147, 2.6192, 2.4248, 1.935, 1.1122, 2.8057, 1.1401, 1.8865, 1.7588, 2.1275, 2.3288, 1.7003, 0.42057, 1.2207, 2.5526, 1.6176, 1.1062, 0.77767, 1.514, 2.6747, 2.3686, 1.4493, 1.1266, 0.86193, 2.659, 1.7975, 1.2098, 1.0736, 1.2794, 0.62526, 2.3902, 2.7334, 2.1335, 0.87487, 2.0332, 2.5693, 
0.56429, 1.537, 1.7859, 2.3434, 1.7729, 1.2723, 1.1499, 1.1807, 2.1848, 1.5045, 1.8505, 1.3539, 2.4203, 0.23348, 0.81973, 0.48426, 2.5998, 2.1679, 1.4798, 1.3608, 1.6088, 0.77188, 0.79666, 1.0526, 1.9148, 0.12092, 2.0706, 1.0478, 1.534, 1.2747, 0.69811, 1.2491, 2.5005, 2.1437, 0.69177, 1.783, 2.0843, 2.404, 1.7493, 0.55177, 1.0367, 1.4336, 2.1829, 2.0219, 0.70291, 1.0959, 2.0187, 1.8077, 2.0344, 2.4115, 0.53071, 0.63587, 1.1014, 2.5298, 1.3065, 0.48391, 2.8779, 
2.3731, 1.1316, 1.74, 1.3808, 1.2443, 1.2195, 2.1122, 2.8362, 1.7508, 2.3628, 1.9435, 2.336, 0.31476, 2.102, 3.0693, 1.8273, 0.67482, 1.7363, 1.4123, 1.0377, 0.65955, 2.4961, 3.0595, 1.2223, 0.35924, 2.1451, 1.931, 1.2892, 2.4558, 1.9571, 1.5698, 2.0553, 0.52303, 1.0789, 2.9299, 1.8644, 0.46512, 0.33129, 0.92724, 1.8883, 2.2061, 1.2183, 0.81042, 0.83391, 2.6361, 1.8363, 0.62335, 0.99124, 1.9581, 0.17922, 2.2915, 2.5917, 2.9154, 1.1787, 1.5314, 2.6389, 0.79856, 2.2658, 
2.4303, 1.3581, 2.0734, 1.2989, 0.9428, 0.91377, 2.3866, 2.8133, 1.7402, 2.2068, 1.8089, 2.0909, 0.64407, 1.891, 2.7429, 1.6188, 0.98693, 1.7023, 1.6749, 0.76066, 0.56123, 2.6487, 2.7862, 1.0621, 0.30183, 1.9824, 1.982, 1.055, 2.6325, 2.2447, 1.4554, 1.7438, 0.47192, 1.412, 2.7582, 2.1934, 0.75556, 0.66281, 1.1844, 1.8869, 2.4564, 0.88688, 1.14, 0.54372, 2.7225, 1.5028, 0.914, 0.66982, 2.1462, 0.35127, 1.9847, 2.6484, 2.8436, 1.4712, 1.7631, 2.3498, 0.87408, 2.0985, 0.33354, 
0.74917, 0.53547, 1.0656, 2.8747, 2.4672, 1.7304, 0.67503, 1.667, 2.5655, 2.2671, 2.6731, 2.2875, 1.5447, 1.1691, 1.5049, 1.1701, 1.5613, 2.6379, 0.43775, 1.6057, 1.3152, 0.86848, 1.4388, 1.1457, 1.5011, 1.0175, 2.2961, 1.3758, 1.7007, 0.62902, 0.88211, 2.3007, 2.1609, 1.1065, 1.3144, 1.1964, 1.211, 1.5179, 0.76104, 0.5253, 0.68654, 1.988, 1.1403, 2.2739, 0.99781, 2.0667, 1.0789, 2.2284, 1.8941, 1.8063, 1.5801, 0.954, 1.6208, 1.5991, 0.2711, 1.4495, 2.2627, 1.0517, 1.6392, 1.8008, 
0.36826, 1.0274, 0.88291, 2.5632, 2.6866, 2.0596, 0.25064, 1.1116, 2.0997, 1.7165, 2.1153, 1.789, 1.9813, 1.1279, 1.0031, 1.2847, 1.8428, 2.1575, 0.76045, 2.0242, 1.859, 0.33969, 0.93396, 1.5562, 2.0589, 0.95829, 1.8231, 1.722, 1.1698, 0.36092, 1.1841, 1.992, 2.6443, 1.3044, 0.82771, 0.92237, 1.6987, 1.9534, 1.2326, 0.67344, 0.17156, 2.2884, 1.4737, 2.7927, 0.48972, 1.9899, 1.5462, 2.6487, 1.4852, 2.3036, 1.3843, 0.4745, 1.0704, 1.6167, 0.62739, 1.1055, 2.4883, 0.91387, 2.1582, 2.3576, 0.55789, 
1.2411, 2.3301, 1.3827, 1.288, 1.6966, 2.0873, 1.3043, 0.25272, 0.89006, 0.36526, 0.75579, 0.55245, 2.4844, 1.4782, 0.54308, 1.7359, 2.147, 0.90899, 1.9942, 2.3105, 2.8468, 1.0591, 0.58367, 2.3399, 2.8604, 1.4719, 0.71733, 2.1869, 0.42076, 1.4242, 2.0501, 0.9935, 2.1539, 1.9945, 0.71266, 1.2117, 2.6999, 2.4911, 2.455, 1.7523, 1.2527, 1.957, 2.27, 2.051, 0.95193, 1.3605, 2.6032, 1.9939, 0.79896, 2.4637, 1.1577, 1.0137, 0.31095, 1.6597, 1.9367, 0.9061, 1.8412, 1.3542, 2.6397, 2.5642, 1.9181, 1.3613, 
0.21719, 1.1226, 1.2889, 2.7313, 2.2913, 1.6652, 0.65861, 1.2103, 2.3277, 1.7476, 2.1638, 1.7087, 2.1291, 0.73014, 0.95604, 0.87689, 2.1284, 2.3594, 0.97601, 1.6651, 1.6536, 0.45387, 0.8967, 1.2232, 1.9271, 0.55868, 2.0836, 1.3467, 1.4147, 0.75796, 0.82548, 1.7448, 2.6731, 1.6196, 0.76482, 1.329, 1.7857, 2.103, 1.3485, 0.33262, 0.56404, 1.8831, 1.714, 2.436, 0.51192, 1.6311, 1.6634, 2.2526, 1.8265, 2.3483, 1.0515, 0.44343, 1.1441, 2.0085, 0.80564, 0.86362, 2.8375, 0.53526, 2.1699, 2.2139, 0.58867, 0.4083, 1.4545, 
1.3985, 0.72361, 0.41431, 1.937, 2.5433, 2.3802, 0.84158, 1.6737, 1.748, 2.0637, 2.1148, 2.3263, 1.0682, 2.0865, 1.8399, 2.1093, 0.82392, 1.8175, 0.5219, 2.1596, 1.6265, 1.2974, 1.7824, 1.8795, 1.5434, 1.9198, 1.5748, 2.1324, 1.3764, 0.68596, 1.7791, 2.784, 1.6651, 0.29289, 1.7365, 0.58341, 0.9643, 1.0445, 0.70083, 1.4569, 0.96107, 2.5278, 0.54993, 2.1587, 1.4409, 3.0057, 0.82349, 2.3462, 1.1885, 1.4156, 2.4145, 1.4615, 1.699, 0.66192, 0.67133, 2.1103, 1.4719, 1.9139, 1.3597, 1.69, 0.94103, 1.0303, 1.795, 1.3788, 
1.9483, 1.855, 0.96186, 0.90037, 1.7566, 2.4823, 1.4973, 1.2076, 0.59467, 1.0933, 0.97171, 1.3459, 1.4029, 2.5498, 1.5749, 2.8189, 1.0691, 0.66528, 1.6652, 2.4979, 2.2883, 1.6954, 1.5859, 2.852, 1.9887, 2.4897, 0.46611, 2.8192, 0.83753, 1.4571, 2.9054, 1.7156, 1.3695, 1.1398, 1.6813, 0.84944, 1.6545, 1.4078, 1.7452, 2.41, 1.5681, 2.2349, 1.32, 1.7291, 1.7103, 2.0997, 1.6339, 1.8965, 0.33693, 1.4983, 2.222, 1.7855, 1.2858, 0.63664, 1.7855, 1.9846, 0.94907, 2.3711, 1.6304, 1.8099, 2.026, 1.7377, 1.0839, 2.1173, 1.1535, 
1.3916, 0.71907, 0.4138, 1.9444, 2.5494, 2.3783, 0.83548, 1.6722, 1.754, 2.0658, 2.12, 2.3278, 1.0725, 2.0789, 1.8361, 2.1021, 0.83012, 1.8236, 0.51511, 2.158, 1.6257, 1.2914, 1.7783, 1.8751, 1.5448, 1.9123, 1.5797, 2.1282, 1.3769, 0.67961, 1.7726, 2.7852, 1.6711, 0.29816, 1.7317, 0.58376, 0.96597, 1.0488, 0.69859, 1.4494, 0.95489, 2.5284, 0.55323, 2.1638, 1.4352, 2.9982, 0.82445, 2.3504, 1.1925, 1.4203, 2.4075, 1.4554, 1.6969, 0.6694, 0.66411, 2.1044, 1.4792, 1.9065, 1.3633, 1.6932, 0.93373, 1.0234, 1.7952, 1.3714, 0.0075278, 1.1595, 
1.5558, 2.6515, 2.3354, 1.1848, 0.89364, 1.1382, 2.0192, 1.0798, 1.1966, 0.71912, 0.80007, 0.44709, 2.3903, 1.0703, 0.95857, 1.1657, 2.5034, 1.1412, 2.6269, 1.3618, 1.9, 1.5782, 1.023, 1.5683, 1.9875, 1.2044, 1.2925, 1.3318, 1.3768, 2.1795, 1.5481, 0.095019, 1.736, 2.8937, 1.0968, 2.1679, 2.5626, 2.4173, 2.7799, 1.702, 1.9106, 1.0056, 2.9105, 1.3038, 1.4252, 0.41292, 2.709, 1.1469, 1.6279, 2.0436, 0.63645, 1.4265, 1.0601, 2.37, 2.4564, 0.8022, 1.7936, 1.1608, 2.1346, 1.8163, 2.2123, 1.8984, 0.95667, 1.6511, 2.7497, 1.754, 2.7491, 
0.69726, 1.7477, 1.0334, 1.8648, 2.2371, 2.2525, 0.71814, 0.36133, 1.4189, 0.96761, 1.3621, 1.0879, 2.464, 1.2633, 0.43285, 1.5335, 2.1256, 1.459, 1.4295, 2.3983, 2.566, 0.47128, 0.38683, 2.0799, 2.812, 1.1662, 1.1722, 2.098, 0.51356, 0.85909, 1.6834, 1.4362, 2.6775, 1.6936, 0.40527, 0.9164, 2.3476, 2.4447, 1.9198, 1.2417, 0.65049, 2.2876, 1.9645, 2.6353, 0.40852, 1.6742, 2.1892, 2.51, 0.99163, 2.7666, 1.1845, 0.48398, 0.3346, 1.6463, 1.3432, 0.81802, 2.2683, 1.0516, 2.7725, 3.1032, 1.311, 0.75348, 0.60803, 0.91253, 1.4146, 1.3268, 1.4113, 1.3634, 
2.2663, 2.3179, 2.7133, 0.85828, 0.077143, 0.75597, 2.8269, 1.83, 1.2287, 1.2751, 1.0017, 1.0887, 1.5782, 1.52, 1.7748, 1.4074, 1.7882, 1.1548, 2.6571, 0.89772, 1.3055, 2.371, 1.8396, 1.3431, 1.2506, 1.6915, 1.4878, 1.1105, 1.9815, 2.9855, 1.6204, 0.73411, 0.94955, 2.325, 1.9089, 2.6, 1.7733, 1.6043, 2.1894, 2.0769, 2.7091, 0.49878, 2.1094, 0.48778, 2.2235, 0.64507, 1.9324, 0.366, 1.8989, 1.2288, 1.2526, 2.2082, 1.834, 2.0244, 2.6589, 1.5584, 1.1605, 1.7236, 1.3215, 1.0188, 2.4862, 2.6331, 1.6285, 2.2501, 2.6116, 1.7574, 2.618, 0.8167, 2.1612, 
0.85428, 0.91304, 1.6844, 2.7333, 1.8774, 1.1405, 1.1771, 1.8098, 2.8953, 2.2152, 2.5257, 2.0434, 1.7121, 0.69171, 1.4862, 0.58262, 1.9245, 2.8678, 1.0166, 1.0699, 1.0196, 1.0973, 1.4445, 0.6009, 1.311, 0.61091, 2.7206, 0.78493, 2.0578, 1.1967, 0.25983, 1.8041, 2.051, 1.6328, 1.3173, 1.7998, 1.3738, 1.6945, 1.0902, 0.31095, 1.1266, 1.3949, 1.5482, 1.8401, 1.1427, 1.4766, 1.3194, 1.7069, 2.4407, 1.7883, 1.1346, 1.0686, 1.7349, 2.1631, 0.87679, 1.1945, 2.4133, 0.71075, 1.6151, 1.5799, 0.62359, 0.95551, 2.028, 0.64356, 1.5385, 2.6459, 1.5317, 1.7391, 1.5503, 1.8796, 
1.7656, 1.4617, 0.60595, 1.2585, 2.0904, 2.7004, 1.2167, 1.3381, 0.99606, 1.4238, 1.3678, 1.6925, 1.243, 2.5421, 1.678, 2.7519, 0.87286, 1.0664, 1.2651, 2.5691, 2.1205, 1.539, 1.6621, 2.5844, 1.8761, 2.3952, 0.83931, 2.7908, 0.93956, 1.1359, 2.5215, 2.1009, 1.4711, 0.76929, 1.7143, 0.54645, 1.3964, 1.2375, 1.3764, 2.0975, 1.3135, 2.5231, 0.99491, 1.9424, 1.6097, 2.4975, 1.3317, 2.1476, 0.51955, 1.4604, 2.444, 1.6741, 1.4053, 0.36303, 1.3923, 2.1079, 1.0821, 2.3091, 1.5355, 1.8106, 1.6446, 1.4674, 1.3054, 1.875, 0.75227, 0.40139, 0.75819, 2.1268, 1.3111, 2.1083, 2.2672, 
0.12826, 1.3373, 1.1425, 2.4239, 2.3747, 1.9143, 0.5265, 0.88624, 1.9919, 1.4586, 1.8772, 1.478, 2.3237, 0.88741, 0.68833, 1.1066, 2.1839, 2.0283, 1.1013, 1.9598, 1.9919, 0.12821, 0.62134, 1.5452, 2.2588, 0.73521, 1.745, 1.6355, 1.0774, 0.67664, 1.1429, 1.6437, 2.9783, 1.6448, 0.50069, 1.1281, 2.019, 2.2957, 1.5545, 0.66991, 0.40632, 2.0885, 1.8223, 2.6768, 0.18492, 1.6667, 1.874, 2.4617, 1.5103, 2.6229, 1.0596, 0.13701, 0.82614, 1.889, 0.95497, 0.759, 2.7423, 0.65498, 2.4568, 2.5511, 0.81795, 0.34864, 1.1364, 0.33868, 1.3622, 1.8235, 1.3557, 1.5499, 0.57412, 2.3093, 0.98045, 1.6602, 
1.6749, 0.92109, 0.53086, 1.6481, 2.2826, 2.3978, 1.0972, 1.7383, 1.515, 1.9696, 1.9047, 2.2412, 0.90649, 2.3826, 1.9895, 2.383, 0.59137, 1.5784, 0.79563, 2.1794, 1.6474, 1.5427, 1.9441, 2.0334, 1.482, 2.2162, 1.391, 2.2643, 1.3763, 0.95169, 2.0239, 2.6508, 1.4231, 0.2181, 1.93, 0.64528, 0.91951, 0.88839, 0.82238, 1.7488, 1.2173, 2.4374, 0.48117, 1.939, 1.6744, 2.9799, 0.81726, 2.1483, 1.0578, 1.2305, 2.6821, 1.7074, 1.784, 0.37178, 0.9564, 2.3372, 1.1848, 2.2069, 1.2196, 1.5505, 1.2275, 1.3079, 1.7889, 1.6718, 0.29636, 0.93524, 0.30388, 2.6808, 1.5579, 2.3419, 1.8015, 0.55407, 1.6237, 
1.7464, 0.48428, 1.3452, 1.9811, 1.8211, 1.4579, 1.499, 2.5589, 2.2262, 2.8958, 2.5435, 2.9786, 0.57647, 1.8325, 2.503, 1.6274, 0.77529, 2.2464, 0.78704, 1.2341, 0.69542, 1.8484, 2.4359, 1.0918, 0.64645, 1.7722, 2.2622, 1.2998, 2.31, 1.3583, 1.251, 2.5618, 1.1636, 0.75526, 2.3132, 1.517, 0.22423, 0.55353, 0.29696, 1.3504, 1.5767, 1.5983, 0.50384, 1.4315, 1.9896, 2.1855, 0.17475, 1.5303, 2.0178, 0.8083, 2.2444, 1.9515, 2.5504, 1.1772, 0.88776, 2.3513, 1.3304, 1.8689, 0.64787, 0.88793, 0.9988, 1.5117, 2.7279, 1.5651, 0.93365, 1.8086, 0.93328, 2.5954, 2.2164, 1.8943, 1.1613, 1.4987, 1.8147, 0.97019, 
1.3037, 2.3752, 2.2957, 1.4744, 1.0738, 1.0873, 1.8256, 1.06, 1.4572, 0.88597, 1.0636, 0.62867, 2.5511, 0.78447, 0.83103, 0.9076, 2.7739, 1.4085, 2.3485, 1.3042, 1.8305, 1.3698, 0.88407, 1.3919, 2.0029, 0.91491, 1.509, 1.1861, 1.4239, 1.9851, 1.2959, 0.37642, 1.9505, 2.9516, 0.92285, 2.1609, 2.5631, 2.5731, 2.547, 1.4124, 1.7083, 1.0336, 2.9862, 1.4654, 1.2225, 0.41119, 2.6493, 1.2747, 1.782, 2.2071, 0.34686, 1.2082, 1.0164, 2.6107, 2.1755, 0.55971, 2.0701, 0.87266, 2.2473, 1.9138, 1.9243, 1.6633, 1.0168, 1.3755, 2.6591, 1.9744, 2.6541, 0.28965, 1.2631, 1.0014, 1.4647, 2.3014, 1.3184, 2.7978, 2.4827, 
1.4688, 2.3627, 1.3167, 1.0765, 1.6465, 2.1977, 1.4104, 0.48058, 0.6435, 0.35881, 0.61238, 0.62554, 2.22, 1.7426, 0.80994, 1.9931, 1.8995, 0.67466, 2.0298, 2.4149, 2.89, 1.2592, 0.84603, 2.5806, 2.6701, 1.7413, 0.44855, 2.3862, 0.39225, 1.499, 2.3191, 1.0813, 1.9235, 1.8452, 0.97139, 1.139, 2.4814, 2.2289, 2.4055, 1.9997, 1.387, 2.0089, 2.0946, 1.9339, 1.1743, 1.4837, 2.4324, 1.9367, 0.58126, 2.2065, 1.3954, 1.2427, 0.55385, 1.4369, 2.0212, 1.1711, 1.5813, 1.6237, 2.3776, 2.3751, 2.0735, 1.5229, 0.26945, 1.6858, 1.705, 0.83041, 1.7071, 1.0713, 0.78845, 1.5903, 2.2883, 1.1008, 1.3538, 1.6285, 2.5971, 1.2011, 
0.84028, 0.45032, 1.0907, 2.8265, 2.4156, 1.6902, 0.75197, 1.7598, 2.6084, 2.361, 2.7638, 2.3774, 1.4577, 1.2123, 1.5978, 1.1869, 1.4931, 2.6829, 0.40458, 1.5508, 1.2325, 0.96252, 1.532, 1.1015, 1.4098, 1.0687, 2.3506, 1.3406, 1.7799, 0.69084, 0.87189, 2.3564, 2.0675, 1.0623, 1.4069, 1.2326, 1.1205, 1.4312, 0.67621, 0.57123, 0.77199, 1.946, 1.0723, 2.191, 1.0918, 2.0879, 0.99162, 2.1603, 1.9402, 1.7133, 1.6358, 1.0473, 1.7145, 1.5711, 0.25756, 1.5277, 2.1861, 1.1127, 1.5454, 1.7086, 0.094134, 0.64926, 2.0104, 0.67244, 0.92314, 2.0416, 0.9161, 2.2719, 1.4027, 2.4439, 0.61951, 1.6498, 0.91153, 1.2001, 0.90654, 1.9823, 2.1582, 
1.6485, 0.83489, 0.55738, 1.7159, 2.3009, 2.3335, 1.0827, 1.7941, 1.5999, 2.0532, 1.9909, 2.3254, 0.87429, 2.3233, 2.0236, 2.3038, 0.58681, 1.6624, 0.72342, 2.112, 1.5759, 1.5353, 1.9737, 1.9475, 1.426, 2.1611, 1.4783, 2.181, 1.4433, 0.93105, 1.9396, 2.7378, 1.4281, 0.13664, 1.9478, 0.68974, 0.85491, 0.85405, 0.7357, 1.6831, 1.203, 2.3989, 0.41401, 1.9361, 1.6735, 3.0072, 0.74407, 2.1385, 1.1418, 1.2096, 2.6645, 1.7003, 1.8352, 0.44519, 0.88833, 2.3429, 1.2209, 2.1624, 1.183, 1.5162, 1.159, 1.2803, 1.8597, 1.6281, 0.25119, 1.0222, 0.25836, 2.7673, 1.5908, 2.3656, 1.7214, 0.64098, 1.6075, 0.087294, 0.8919, 2.8505, 1.7089, 1.1267, 
2.2609, 2.2257, 2.7707, 0.93076, 0.076056, 0.67081, 2.8453, 1.911, 1.3167, 1.3665, 1.0974, 1.1723, 1.5309, 1.4915, 1.8315, 1.3574, 1.7674, 1.2434, 2.5646, 0.80433, 1.2114, 2.3949, 1.8942, 1.2548, 1.1671, 1.662, 1.5792, 1.0273, 2.0759, 2.9767, 1.5463, 0.79687, 0.92523, 2.2957, 1.9534, 2.6795, 1.7034, 1.5562, 2.1059, 2.0181, 2.7252, 0.41301, 2.0612, 0.43411, 2.2538, 0.65478, 1.8612, 0.28294, 1.988, 1.1808, 1.2597, 2.23, 1.9105, 2.0481, 2.5635, 1.5837, 1.1748, 1.7049, 1.2605, 0.94792, 2.4002, 2.6184, 1.7167, 2.2188, 2.5881, 1.8311, 2.5937, 0.87416, 2.2321, 0.095759, 1.8038, 2.1664, 2.3189, 2.3407, 1.8129, 1.0344, 1.6852, 2.3534, 2.3528, 
2.7855, 2.1763, 2.184, 0.46767, 0.51597, 1.1821, 2.7976, 1.9421, 0.93158, 1.3418, 0.93455, 1.2922, 1.1932, 2.077, 2.0831, 1.9412, 1.2908, 0.8748, 2.4134, 1.2261, 1.3875, 2.7381, 2.1514, 1.6953, 1.1758, 2.2483, 1.2078, 1.5244, 1.8637, 2.7173, 2.0634, 1.1354, 0.5373, 1.8226, 2.2667, 2.1289, 1.4964, 1.2212, 1.9622, 2.5718, 2.8608, 0.94601, 1.6803, 0.45998, 2.5991, 1.1867, 1.6435, 0.59573, 1.5468, 0.8899, 1.7831, 2.6296, 1.9885, 1.467, 2.5631, 2.032, 0.61094, 2.279, 1.0466, 0.87468, 2.6737, 3.0305, 1.6903, 2.8069, 2.0827, 1.3014, 2.0899, 1.2304, 2.2953, 0.55745, 2.2957, 1.5882, 2.7651, 1.795, 1.6942, 1.4831, 1.517, 2.5802, 1.8315, 0.58917, 
1.0655, 0.55235, 1.4931, 2.6838, 1.9895, 1.2734, 1.1614, 2.0595, 2.9843, 2.5709, 2.9012, 2.4239, 1.3597, 1.0726, 1.793, 0.9362, 1.5444, 3.0343, 0.74092, 1.1249, 0.85046, 1.2636, 1.7397, 0.68557, 1.0863, 0.98653, 2.7743, 0.93449, 2.1778, 1.1154, 0.55579, 2.1562, 1.8228, 1.2805, 1.6072, 1.6471, 1.0112, 1.3392, 0.71167, 0.5727, 1.1594, 1.5257, 1.1697, 1.7974, 1.3569, 1.7876, 0.94255, 1.7395, 2.3594, 1.5028, 1.5143, 1.293, 1.9956, 1.811, 0.65159, 1.5597, 2.1021, 1.078, 1.3236, 1.3851, 0.48892, 1.0096, 2.3063, 0.85196, 1.2423, 2.3952, 1.2365, 2.1017, 1.7338, 2.0206, 0.38113, 1.9945, 1.174, 1.47, 0.79163, 1.8381, 2.5222, 0.42616, 1.3848, 1.9286, 2.2379, 
0.70742, 1.0869, 0.51531, 2.2253, 2.9299, 2.4473, 0.14408, 1.0298, 1.7869, 1.6048, 1.9274, 1.7716, 1.8375, 1.4976, 1.0841, 1.6739, 1.5905, 1.855, 0.75215, 2.3813, 2.0754, 0.53673, 1.0209, 1.9088, 2.169, 1.3328, 1.5101, 2.1004, 0.92759, 0.18273, 1.5616, 2.1221, 2.4295, 1.0694, 0.96188, 0.53182, 1.6561, 1.8123, 1.2339, 1.0571, 0.23731, 2.6799, 1.3073, 2.9342, 0.66983, 2.2723, 1.497, 3.0197, 1.13, 2.1876, 1.6763, 0.70113, 1.0218, 1.2626, 0.70565, 1.3394, 2.1333, 1.2717, 2.1056, 2.4105, 0.79171, 0.39164, 1.2433, 0.79723, 0.77653, 1.3533, 0.77131, 2.0424, 0.6928, 2.8538, 1.3185, 1.0781, 0.62854, 1.0065, 1.5305, 1.8828, 1.3176, 0.86104, 1.0037, 2.9147, 2.6536, 1.2806, 
1.2188, 2.2148, 1.2425, 1.3238, 1.8149, 2.2278, 1.2049, 0.23646, 0.89304, 0.47511, 0.82827, 0.68751, 2.3944, 1.5575, 0.59046, 1.8248, 2.0396, 0.92457, 1.8759, 2.4506, 2.9806, 1.0121, 0.61615, 2.4357, 2.9201, 1.5302, 0.68074, 2.3085, 0.27951, 1.3137, 2.107, 1.1334, 2.1734, 1.8546, 0.735, 1.0708, 2.5673, 2.3965, 2.3221, 1.7515, 1.1658, 2.0966, 2.1321, 2.1474, 0.92425, 1.5016, 2.4629, 2.1124, 0.68872, 2.444, 1.2708, 0.99273, 0.31382, 1.5408, 1.8338, 0.99039, 1.8208, 1.4099, 2.6063, 2.6223, 1.8466, 1.2898, 0.14129, 1.4358, 1.6542, 0.99444, 1.6545, 1.0978, 0.54352, 1.7498, 2.0455, 1.1816, 1.1041, 1.6509, 2.5877, 1.1523, 0.25005, 1.9357, 1.7203, 1.8403, 1.7543, 2.2755, 1.1312, 
1.2092, 0.70703, 1.7077, 2.5049, 1.7651, 1.0536, 1.3784, 2.1934, 2.9631, 2.5823, 2.7427, 2.3624, 1.3273, 1.0289, 1.8793, 0.83567, 1.5793, 2.9156, 0.9465, 0.9005, 0.66699, 1.4315, 1.8364, 0.47022, 0.93639, 0.98422, 2.9943, 0.72395, 2.3778, 1.3388, 0.44991, 2.01, 1.6839, 1.4171, 1.7077, 1.8666, 1.0017, 1.3117, 0.81437, 0.67417, 1.3674, 1.3035, 1.2556, 1.5891, 1.5038, 1.6164, 0.97388, 1.5184, 2.5786, 1.3986, 1.4477, 1.4336, 2.121, 1.9313, 0.87159, 1.5723, 2.022, 1.093, 1.2235, 1.2229, 0.71064, 1.2099, 2.42, 0.99206, 1.4255, 2.5567, 1.4203, 1.9721, 1.9011, 1.7968, 0.39331, 2.1687, 1.3282, 1.6223, 0.804, 1.7385, 2.6739, 0.65051, 1.5352, 1.7044, 2.0408, 0.2244, 1.5015, 2.4253, 
0.50534, 0.84848, 0.84539, 2.6534, 2.7427, 2.0302, 0.29205, 1.2824, 2.2084, 1.8888, 2.2775, 1.9681, 1.8098, 1.1974, 1.1816, 1.3102, 1.7008, 2.2733, 0.5871, 1.9536, 1.7151, 0.51833, 1.1125, 1.4808, 1.8928, 1.026, 1.9297, 1.6769, 1.3034, 0.31535, 1.1409, 2.1535, 2.4715, 1.1692, 1.0041, 0.92312, 1.5202, 1.7818, 1.0538, 0.65091, 0.28635, 2.2791, 1.3139, 2.6728, 0.66681, 2.0994, 1.3686, 2.594, 1.5581, 2.1259, 1.507, 0.64614, 1.2448, 1.5403, 0.4486, 1.2582, 2.3842, 1.0041, 1.979, 2.1875, 0.40022, 0.17914, 1.5294, 0.46998, 0.91257, 1.7688, 0.90528, 2.0588, 0.92189, 2.714, 0.89242, 1.4499, 0.51438, 1.203, 1.3327, 1.8084, 1.6732, 0.48671, 1.1634, 2.6668, 2.9916, 0.87676, 0.42813, 1.4492, 1.0898, 
1.3247, 1.9014, 2.5464, 1.7735, 1.0225, 0.6066, 1.9096, 1.5663, 1.9453, 1.4604, 1.556, 1.1943, 2.1284, 0.54068, 1.247, 0.45783, 2.4969, 1.881, 2.0457, 0.78814, 1.2742, 1.5151, 1.2732, 0.81444, 1.4998, 0.71113, 2.063, 0.6103, 1.9598, 2.0262, 0.79988, 0.80887, 1.7834, 2.6188, 1.2433, 2.524, 2.0036, 2.1376, 2.0108, 1.1233, 1.7972, 0.6919, 2.4073, 1.2726, 1.414, 0.44643, 2.0711, 1.055, 2.3609, 1.8694, 0.46913, 1.3611, 1.5043, 2.9824, 1.8959, 0.82981, 2.1173, 0.76053, 1.8224, 1.5201, 1.6279, 1.6685, 1.5791, 1.269, 2.5664, 2.5238, 2.5593, 0.77075, 1.6471, 0.98295, 1.0302, 2.8804, 1.408, 2.8224, 1.9035, 0.57925, 1.7797, 1.6432, 2.7362, 0.95095, 1.538, 1.3527, 2.0318, 1.7065, 1.2026, 1.7316, 
0.66838, 1.467, 1.8723, 2.3822, 1.7048, 1.1406, 1.2358, 1.3397, 2.3059, 1.6301, 1.9459, 1.4546, 2.2801, 0.14935, 0.97673, 0.33667, 2.5135, 2.279, 1.4618, 1.2122, 1.449, 0.89781, 0.95597, 0.89197, 1.7546, 0.042224, 2.2189, 0.89461, 1.6945, 1.3442, 0.54413, 1.2855, 2.3582, 2.1308, 0.85236, 1.8927, 1.9579, 2.2666, 1.6663, 0.50079, 1.1298, 1.3228, 2.1174, 1.9072, 0.84589, 1.0689, 1.9102, 1.6994, 2.1942, 2.2509, 0.56962, 0.7751, 1.2604, 2.5899, 1.2914, 0.61567, 2.7661, 0.16062, 2.1071, 1.9405, 1.0244, 0.98943, 1.506, 0.58648, 1.9371, 2.5311, 1.9296, 1.2043, 1.2082, 1.6649, 0.59081, 2.4336, 0.77439, 2.2334, 1.7506, 0.91557, 1.7751, 1.0717, 2.1751, 1.6326, 2.2205, 0.9694, 1.3672, 1.5672, 0.95736, 1.0509, 0.68258, 
1.6938, 0.59146, 1.5952, 2.0626, 1.6621, 1.1854, 1.6091, 2.6625, 2.4182, 3.0019, 2.6114, 2.7612, 0.75186, 1.5885, 2.4327, 1.3591, 1.0298, 2.4146, 0.93032, 0.96393, 0.43976, 1.86, 2.3793, 0.8002, 0.51165, 1.5587, 2.5239, 1.0062, 2.5558, 1.4941, 1.0002, 2.3033, 1.1961, 1.0446, 2.2468, 1.772, 0.43997, 0.73668, 0.50135, 1.2101, 1.6586, 1.3547, 0.79767, 1.3194, 1.9757, 1.9064, 0.46291, 1.3645, 2.3117, 0.86389, 1.9714, 1.9189, 2.6141, 1.4656, 0.9771, 2.1461, 1.467, 1.6685, 0.68477, 0.80644, 0.99567, 1.5512, 2.9111, 1.486, 1.1957, 2.0893, 1.1941, 2.3193, 2.3038, 1.727, 0.96369, 1.7926, 1.7908, 1.2613, 0.29394, 2.1891, 2.8898, 0.90278, 1.1811, 1.6359, 1.6782, 0.63988, 1.6762, 2.8062, 0.5755, 1.382, 1.6099, 1.5304, 
0.86266, 0.73397, 1.5269, 2.8404, 2.0151, 1.2741, 1.0749, 1.8539, 2.9713, 2.3361, 2.692, 2.198, 1.5949, 0.8608, 1.5656, 0.76739, 1.7681, 3.0003, 0.8346, 1.1716, 1.0153, 1.083, 1.5152, 0.70015, 1.2815, 0.75971, 2.7019, 0.91736, 2.0356, 1.0688, 0.42816, 1.9872, 2.0282, 1.4491, 1.3834, 1.6562, 1.2462, 1.5744, 0.92142, 0.34245, 1.0446, 1.5317, 1.377, 1.914, 1.1574, 1.6602, 1.1729, 1.8112, 2.3385, 1.725, 1.3052, 1.0886, 1.7849, 1.9786, 0.70117, 1.3257, 2.3344, 0.84592, 1.5465, 1.5711, 0.46165, 0.87937, 2.0922, 0.64555, 1.3562, 2.4847, 1.3495, 1.9199, 1.5526, 2.027, 0.18482, 2.0933, 0.98009, 1.6168, 1.0258, 1.6415, 2.3313, 0.44394, 1.5365, 1.9447, 2.3731, 0.23524, 1.2099, 2.0813, 0.34862, 0.78305, 1.214, 0.74613, 0.86789, 
0.52336, 1.4156, 1.7302, 2.4623, 1.843, 1.2833, 1.0928, 1.2576, 2.2972, 1.6178, 1.9711, 1.4743, 2.3117, 0.28045, 0.90582, 0.47624, 2.4783, 2.2842, 1.3679, 1.3454, 1.5378, 0.75564, 0.87515, 0.99482, 1.8446, 0.11034, 2.1639, 1.024, 1.5898, 1.2054, 0.61769, 1.3649, 2.4915, 2.0355, 0.7601, 1.7476, 1.97, 2.2938, 1.6277, 0.43047, 0.98556, 1.4679, 2.0625, 2.052, 0.71254, 1.188, 1.8993, 1.8445, 2.0816, 2.3432, 0.6441, 0.63965, 1.1787, 2.4588, 1.195, 0.59918, 2.9077, 0.12167, 2.1852, 2.0551, 0.93606, 0.84809, 1.4469, 0.45033, 1.8195, 2.4165, 1.812, 1.278, 1.09, 1.7998, 0.59965, 2.2888, 0.63101, 2.1153, 1.7522, 0.9889, 1.7154, 0.99428, 2.0642, 1.7719, 2.3571, 0.96059, 1.2228, 1.4913, 0.98781, 0.91922, 0.82093, 0.14511, 1.5623, 0.72723, 
2.4883, 1.4177, 2.0962, 1.2361, 0.89369, 0.91842, 2.4431, 2.7503, 1.6799, 2.1441, 1.745, 2.0344, 0.66484, 1.9169, 2.7187, 1.6479, 0.99423, 1.6407, 1.731, 0.77962, 0.61912, 2.7114, 2.7701, 1.1056, 0.36576, 2.0169, 1.9253, 1.0834, 2.5834, 2.2978, 1.5026, 1.6998, 0.41946, 1.4403, 2.7652, 2.2063, 0.80307, 0.68551, 1.2398, 1.944, 2.5167, 0.87078, 1.1738, 0.48958, 2.7776, 1.4769, 0.9624, 0.62901, 2.1069, 0.34847, 1.9812, 2.7022, 2.7845, 1.4663, 1.8232, 2.3489, 0.8294, 2.1307, 0.3634, 0.063992, 1.8646, 2.4211, 2.5004, 2.2727, 1.723, 1.7723, 1.7266, 1.7753, 3.097, 0.97024, 1.6356, 1.7969, 2.6108, 1.5685, 0.9442, 1.8879, 2.3126, 1.7723, 1.5391, 0.90293, 0.81071, 1.448, 2.4591, 2.559, 1.2832, 2.2503, 1.5219, 1.9748, 0.86992, 1.6317, 2.0943, 
0.86871, 1.6459, 0.77317, 1.7826, 2.3834, 2.5425, 0.64633, 0.50372, 1.3182, 1.0444, 1.3763, 1.2322, 2.1876, 1.5347, 0.70868, 1.7968, 1.8383, 1.3741, 1.3079, 2.6734, 2.6283, 0.61515, 0.67079, 2.2854, 2.7079, 1.4207, 1.0449, 2.3568, 0.38783, 0.74454, 1.8836, 1.6408, 2.4583, 1.4381, 0.69501, 0.63817, 2.1388, 2.171, 1.7731, 1.3944, 0.63103, 2.5595, 1.7193, 2.6943, 0.62106, 1.9326, 1.9904, 2.681, 0.76968, 2.4764, 1.4736, 0.69556, 0.52286, 1.3563, 1.2666, 1.1079, 2.038, 1.3127, 2.5021, 2.8249, 1.3146, 0.78358, 0.68733, 1.0645, 1.1761, 1.0904, 1.174, 1.5815, 0.2902, 2.3159, 1.7028, 1.0259, 0.74085, 1.2834, 2.0625, 1.5259, 0.76404, 1.3961, 1.3247, 2.4033, 2.2488, 1.7901, 0.56185, 0.56974, 1.9934, 0.91609, 1.9373, 1.4629, 2.2369, 1.6574, 1.333, 2.8217, 
1.5518, 2.0859, 1.0251, 1.0858, 1.838, 2.5046, 1.2955, 0.68692, 0.62423, 0.69401, 0.80449, 0.96623, 1.9223, 2.0276, 1.0538, 2.2972, 1.5744, 0.68759, 1.7825, 2.6941, 2.8092, 1.3054, 1.0689, 2.9082, 2.5044, 1.9849, 0.3459, 2.7383, 0.35052, 1.3358, 2.5433, 1.4128, 1.8135, 1.4966, 1.1733, 0.85178, 2.1392, 1.9254, 2.078, 2.0918, 1.3138, 2.2766, 1.7422, 2.0118, 1.2715, 1.8217, 2.0803, 2.0921, 0.23021, 2.0066, 1.7301, 1.3475, 0.76583, 1.0917, 1.8237, 1.4629, 1.4109, 1.864, 2.1496, 2.2828, 1.9625, 1.4775, 0.57289, 1.7593, 1.382, 0.52265, 1.3851, 1.4131, 0.86408, 1.7996, 2.4025, 0.74888, 1.4243, 1.2789, 2.245, 1.5534, 0.35243, 2.0263, 1.3609, 1.8942, 1.5533, 2.4509, 1.1713, 0.47259, 2.6727, 1.5858, 2.1316, 2.0242, 2.5386, 2.3568, 1.9305, 2.2329, 0.70329, 
1.892, 2.5836, 2.6329, 0.99914, 0.50665, 0.89225, 2.4019, 1.4401, 1.1949, 0.96303, 0.84312, 0.72433, 2.0075, 1.2516, 1.346, 1.2402, 2.1858, 1.1238, 2.8262, 1.1002, 1.6084, 1.9522, 1.4102, 1.4361, 1.632, 1.4146, 1.3858, 1.1808, 1.6786, 2.563, 1.5668, 0.30951, 1.3662, 2.7202, 1.4799, 2.4553, 2.1884, 2.0339, 2.548, 1.8879, 2.2893, 0.6941, 2.538, 0.91639, 1.8011, 0.34058, 2.3441, 0.76489, 1.7874, 1.6585, 0.88947, 1.7941, 1.431, 2.2759, 2.6777, 1.1492, 1.5008, 1.4093, 1.7478, 1.4343, 2.4073, 2.2536, 1.2761, 1.94, 2.9336, 1.7891, 2.9407, 0.38742, 1.7457, 0.42994, 1.8102, 2.1902, 1.9082, 2.6464, 2.274, 0.59039, 1.3169, 2.4264, 2.7075, 0.48779, 0.89772, 2.0945, 2.4296, 1.4118, 1.9006, 2.3937, 0.7832, 1.4003, 2.0481, 1.9917, 1.5107, 1.3906, 1.9431, 1.6132, 
1.8358, 0.60653, 1.4815, 1.9097, 1.6814, 1.3323, 1.6326, 2.6991, 2.2128, 2.8871, 2.4776, 2.8422, 0.53884, 1.8137, 2.5965, 1.5849, 0.80368, 2.2199, 0.92208, 1.1085, 0.56956, 1.961, 2.5334, 1.0148, 0.50489, 1.7773, 2.298, 1.2031, 2.4416, 1.4953, 1.2255, 2.424, 1.0642, 0.8715, 2.4042, 1.6511, 0.21377, 0.5209, 0.43568, 1.3965, 1.7053, 1.4613, 0.60293, 1.2964, 2.0956, 2.0598, 0.264, 1.3894, 2.1078, 0.71251, 2.1951, 2.0506, 2.6854, 1.2503, 1.0125, 2.3654, 1.2784, 1.8835, 0.54141, 0.75417, 1.098, 1.6294, 2.8623, 1.6418, 1.0682, 1.8661, 1.0682, 2.464, 2.3508, 1.754, 1.1736, 1.5895, 1.9154, 1.0812, 0.14181, 2.3879, 2.6871, 1.0041, 1.0073, 1.6718, 1.5839, 0.82492, 1.6694, 2.721, 0.79339, 1.4516, 1.8129, 1.7507, 0.2262, 1.0594, 1.7731, 0.81234, 2.2043, 2.3379, 2.1327, 
0.46558, 1.1012, 1.5196, 2.781, 2.0684, 1.3992, 0.91069, 1.4142, 2.5309, 1.8786, 2.2646, 1.7717, 2.048, 0.55733, 1.107, 0.63553, 2.1631, 2.5409, 1.0551, 1.3915, 1.4176, 0.71713, 1.0591, 0.95359, 1.7092, 0.39863, 2.3221, 1.0739, 1.6668, 0.98616, 0.55333, 1.6826, 2.4486, 1.7246, 0.92866, 1.5816, 1.6962, 2.0259, 1.318, 0.1223, 0.82714, 1.6275, 1.7448, 2.1641, 0.74673, 1.4751, 1.6052, 1.9887, 2.0982, 2.1783, 0.96132, 0.67172, 1.3407, 2.19, 0.8835, 0.88817, 2.7945, 0.43816, 2.0015, 1.9767, 0.61965, 0.662, 1.6412, 0.27359, 1.5306, 2.39, 1.5231, 1.5965, 1.1552, 2.0412, 0.39864, 2.1213, 0.59375, 1.8261, 1.4727, 1.3071, 1.8944, 0.67558, 1.7661, 1.9929, 2.5726, 0.69279, 1.0534, 1.6487, 0.78051, 0.67483, 1.0662, 0.40907, 1.3277, 0.46009, 0.31874, 2.0309, 1.332, 2.0161, 1.809, 1.5174, 
2.2904, 2.5874, 1.8279, 0.23752, 0.93312, 1.6683, 2.2216, 1.3074, 0.31734, 0.74625, 0.33255, 0.81595, 1.6368, 2.0981, 1.5379, 2.1601, 1.5265, 0.24501, 2.5279, 1.7941, 2.0464, 2.1117, 1.5974, 2.2544, 1.8225, 2.2225, 0.58845, 2.0211, 1.2095, 2.2552, 2.4917, 0.9535, 1.1027, 1.8975, 1.7291, 1.6899, 1.9884, 1.6607, 2.3773, 2.7062, 2.2277, 1.411, 1.9368, 1.0988, 2.007, 1.2623, 2.09, 1.166, 0.98874, 1.4406, 1.6584, 2.0655, 1.3657, 1.3736, 2.6615, 1.6988, 0.88307, 2.1563, 1.6182, 1.5213, 2.8828, 2.3775, 1.0559, 2.4939, 2.006, 0.87619, 2.0128, 1.0281, 1.6451, 0.91234, 2.7386, 1.2699, 2.1918, 1.7401, 2.2124, 1.3141, 0.8592, 2.9175, 1.8182, 0.99961, 0.65918, 2.8958, 2.0975, 1.1016, 2.6832, 2.5091, 1.7087, 2.2277, 2.2988, 2.9196, 2.2779, 1.4577, 1.5973, 0.92685, 0.92869, 2.1463, 2.5862, 
1.2883, 0.38858, 1.4372, 2.4675, 1.9561, 1.3157, 1.2599, 2.2639, 2.7483, 2.8268, 3.0006, 2.6758, 1.0995, 1.3219, 2.0373, 1.1569, 1.2894, 2.7758, 0.67809, 1.1267, 0.72287, 1.4576, 1.9796, 0.76753, 0.89809, 1.2455, 2.6818, 1.0214, 2.2819, 1.1743, 0.76839, 2.3391, 1.6021, 1.086, 1.8474, 1.6088, 0.74986, 1.0785, 0.48479, 0.82833, 1.2879, 1.5454, 0.9341, 1.6772, 1.5698, 1.939, 0.68363, 1.6723, 2.2963, 1.2652, 1.7574, 1.5129, 2.2098, 1.6024, 0.65614, 1.8213, 1.847, 1.3392, 1.087, 1.1994, 0.60502, 1.1624, 2.5166, 1.0831, 1.1121, 2.2257, 1.1076, 2.3033, 1.914, 2.0058, 0.63579, 1.8427, 1.3849, 1.2927, 0.52998, 2.0641, 2.6702, 0.51627, 1.2054, 1.9101, 2.0739, 0.26168, 1.3544, 2.4516, 0.33112, 1.003, 1.5334, 1.2266, 0.4061, 0.4964, 1.2222, 1.2634, 1.9062, 2.4603, 2.1992, 0.56882, 0.94985, 2.7045, 
2.2245, 1.2416, 2.1019, 1.4926, 1.0201, 0.80505, 2.2681, 2.9137, 1.9422, 2.3454, 1.9744, 2.1794, 0.72635, 1.7142, 2.6494, 1.4386, 1.0933, 1.9006, 1.5749, 0.61776, 0.3555, 2.4523, 2.666, 0.86214, 0.15977, 1.7908, 2.1889, 0.88219, 2.8362, 2.1475, 1.2506, 1.7766, 0.67972, 1.4406, 2.5943, 2.2501, 0.72927, 0.73804, 1.0988, 1.6804, 2.3138, 0.84341, 1.1564, 0.6603, 2.5152, 1.4722, 0.87576, 0.72542, 2.3393, 0.51027, 1.8724, 2.4407, 2.8872, 1.5987, 1.6359, 2.2211, 1.0782, 1.9095, 0.41991, 0.2078, 1.6339, 2.1902, 2.7103, 2.009, 1.6935, 2.0025, 1.6952, 1.8347, 2.9215, 1.0911, 1.3725, 1.9542, 2.3474, 1.6103, 0.80612, 1.8714, 2.5664, 1.5449, 1.5606, 1.0073, 1.0506, 1.1937, 2.3271, 2.8026, 1.021, 2.0312, 1.4036, 1.7496, 0.65914, 1.3697, 1.857, 0.26375, 2.8658, 2.4888, 1.474, 0.66463, 1.769, 1.7073, 1.029, 