
1.6636, 
0.673, 1.1931, 
1.6941, 1.7713, 1.917, 
1.619, 1.6422, 1.7627, 0.49791, 
1.3259, 1.931, 1.7108, 0.5638, 0.67609, 
0.16814, 1.6307, 0.63627, 1.6759, 1.5524, 1.3086, 
1.9392, 1.1, 1.8095, 0.96854, 0.8712, 1.3788, 1.8919, 
1.8796, 1.1076, 1.7524, 1.423, 1.6266, 1.7121, 1.9242, 1.1113, 
0.44471, 1.565, 0.66897, 1.8275, 1.8324, 1.5443, 0.58379, 1.9897, 1.6825, 
1.0006, 1.9804, 1.5126, 1.1429, 1.3596, 0.78497, 1.0858, 1.7905, 1.622, 1.0594, 
0.93404, 1.6359, 1.131, 1.2635, 0.95135, 0.9484, 0.80186, 1.4972, 1.9812, 1.3009, 1.2668, 
0.9171, 1.8849, 1.3691, 1.418, 1.6247, 1.1363, 1.047, 1.9009, 1.5195, 0.81074, 0.39911, 1.4449, 
1.0987, 1.9033, 1.5101, 0.85035, 0.77094, 0.34954, 1.0536, 1.4976, 1.8664, 1.3965, 0.83016, 0.65064, 1.1493, 
0.82759, 1.0562, 0.16915, 1.9325, 1.761, 1.7706, 0.78129, 1.739, 1.7064, 0.8081, 1.6177, 1.1776, 1.4792, 1.5821, 